True arousal,Predicted arousal,True valence,Predicted valence
File: female1_angry_10a_1
0.875,0.5512969493865967,0.25,0.33280476927757263
0.925,0.6783657073974609,0.245,0.41674545407295227
0.85,0.5911557674407959,0.21500000000000002,0.40862634778022766
0.9299999999999999,0.6358599662780762,0.21500000000000002,0.6303778886795044
0.85,0.44977498054504395,0.21500000000000002,0.32917091250419617
0.865,0.604605495929718,0.245,0.5374696254730225
0.88,0.5160751342773438,0.24,0.41922470927238464
0.88,0.5350998044013977,0.22999999999999998,0.3297853469848633
0.9,0.5615060329437256,0.21999999999999997,0.45400992035865784
0.9,0.4622582793235779,0.21000000000000002,0.34826597571372986
0.9099999999999999,0.5317578315734863,0.185,0.5432931184768677
0.9099999999999999,0.44058525562286377,0.185,0.4883674681186676
File: female1_angry_11a_1
0.9,0.6433868408203125,0.235,0.3782612681388855
0.9,0.5626826882362366,0.235,0.37785986065864563
0.915,0.6603749990463257,0.2,0.24274851381778717
0.935,0.584518313407898,0.2,0.37805089354515076
0.925,0.6938494443893433,0.21000000000000002,0.29286786913871765
0.905,0.7125992774963379,0.235,0.5753777623176575
0.905,0.4913707375526428,0.235,0.40831059217453003
0.9,0.682965874671936,0.22999999999999998,0.6190799474716187
0.9,0.5175827145576477,0.22999999999999998,0.42645063996315
File: female1_angry_12a_1
0.875,0.5154879093170166,0.25,0.6646279692649841
0.875,0.6775490045547485,0.25,0.42118802666664124
0.905,0.5036563873291016,0.24,0.43309900164604187
0.9099999999999999,0.74740070104599,0.24,0.43144580721855164
0.885,0.6044284105300903,0.25,0.45731407403945923
0.915,0.48904964327812195,0.22499999999999998,0.42354854941368103
0.915,0.8369568586349487,0.22499999999999998,0.37230154871940613
0.935,0.5930353403091431,0.21000000000000002,0.4094439148902893
0.94,0.3838750422000885,0.2,0.38020604848861694
0.94,0.42489954829216003,0.21000000000000002,0.3225422501564026
File: female1_angry_13a_1
0.88,0.6463047862052917,0.245,0.892886221408844
0.88,0.4621098041534424,0.245,0.38347479701042175
0.875,0.516269326210022,0.24,0.47894683480262756
0.89,0.5614287853240967,0.24,0.2995809018611908
0.875,0.5821254253387451,0.25,0.4589620530605316
0.9,0.45039603114128113,0.22999999999999998,0.29618754982948303
0.9,0.5571061372756958,0.22999999999999998,0.424653559923172
0.895,0.3887230157852173,0.22999999999999998,0.29110634326934814
File: female1_angry_14a_1
0.88,0.6166541576385498,0.24,0.3747057020664215
0.9199999999999999,0.6262789964675903,0.21500000000000002,0.3685106337070465
0.9299999999999999,0.6990829706192017,0.2,0.38484442234039307
0.9199999999999999,0.6318162679672241,0.21000000000000002,0.5066521763801575
0.9,0.5351712703704834,0.21000000000000002,0.38311195373535156
0.9,0.4055345952510834,0.21500000000000002,0.41187599301338196
0.9,0.43469154834747314,0.21500000000000002,0.22122390568256378
0.9099999999999999,0.4609558582305908,0.21500000000000002,0.49208107590675354
0.9,0.4372386336326599,0.21999999999999997,0.3174166977405548
File: female1_angry_15a_1
0.885,0.5287893414497375,0.21500000000000002,0.2701356112957001
0.9,0.5972747802734375,0.21999999999999997,0.4770487844944
0.915,0.6037696599960327,0.21000000000000002,0.3492536246776581
0.935,0.6308274269104004,0.2,0.2655910551548004
0.935,0.6118519306182861,0.2,0.4814216196537018
0.885,0.5747043490409851,0.195,0.5170944929122925
0.885,0.450152188539505,0.195,0.4178464114665985
0.9,0.592108964920044,0.20500000000000002,0.4965185225009918
0.9199999999999999,0.614815354347229,0.2,0.3857788145542145
0.925,0.6142388582229614,0.21000000000000002,0.49604350328445435
File: female1_angry_1a_1
0.9299999999999999,0.6510760188102722,0.2,0.34659895300865173
0.9199999999999999,0.5691726207733154,0.2,0.4923151135444641
0.9199999999999999,0.7013869285583496,0.19,0.39884206652641296
0.925,0.4445233643054962,0.19,0.4716755449771881
0.9,0.6650112867355347,0.21000000000000002,0.45966729521751404
0.905,0.676634669303894,0.21000000000000002,0.7611479759216309
0.925,0.6064103245735168,0.2,0.5361697673797607
0.925,0.5287336111068726,0.2,0.4615285396575928
File: female1_angry_2a_1
0.885,0.6101865768432617,0.20500000000000002,0.8358352184295654
0.895,0.6767605543136597,0.20500000000000002,0.4770801067352295
0.9099999999999999,0.4857660233974457,0.2,0.607084333896637
0.9099999999999999,0.6600569486618042,0.2,0.46973851323127747
0.89,0.6598995327949524,0.21999999999999997,0.6065394878387451
0.89,0.5575729608535767,0.22499999999999998,0.5534933805465698
0.9199999999999999,0.552710771560669,0.19,0.5072274208068848
0.9299999999999999,0.607123851776123,0.19,0.5093541741371155
0.9199999999999999,0.5425163507461548,0.19,0.47842761874198914
File: female1_angry_3a_1
0.875,0.553813636302948,0.25,0.41525667905807495
0.9,0.3865794241428375,0.22499999999999998,0.2906119227409363
0.9,0.5586161017417908,0.22499999999999998,0.4456132650375366
0.9,0.5399423837661743,0.22499999999999998,0.370322048664093
0.885,0.53348708152771,0.22499999999999998,0.35980039834976196
0.89,0.5446677803993225,0.21999999999999997,0.5207414627075195
0.905,0.44355660676956177,0.22499999999999998,0.4282951354980469
0.9099999999999999,0.5880745649337769,0.21500000000000002,0.41374245285987854
0.9099999999999999,0.49594220519065857,0.21500000000000002,0.4689163267612457
0.9099999999999999,0.3190685212612152,0.21500000000000002,0.3490663170814514
0.925,0.7363816499710083,0.21000000000000002,0.8295468688011169
0.9299999999999999,0.25018808245658875,0.20500000000000002,0.351408451795578
File: female1_angry_4a_1
0.905,0.5919308662414551,0.25,0.45640453696250916
0.915,0.6315743923187256,0.25,0.45982930064201355
0.9,0.5973756909370422,0.25,0.4790734648704529
0.9,0.6103614568710327,0.25,0.49799010157585144
0.9,0.5373334884643555,0.24,0.3135499656200409
0.9099999999999999,0.4886430501937866,0.24,0.34166595339775085
0.9099999999999999,0.6112250089645386,0.24,0.3918328881263733
0.9199999999999999,0.5942733287811279,0.22999999999999998,0.4218702018260956
0.9099999999999999,0.6278775334358215,0.22999999999999998,0.4578210711479187
0.9099999999999999,0.41881874203681946,0.235,0.3894461691379547
0.9,0.4239532947540283,0.24,0.4195825159549713
0.9,0.3573623299598694,0.24,0.34030893445014954
File: female1_angry_5a_1
0.875,0.5219378471374512,0.24,0.48810264468193054
0.89,0.5713725090026855,0.22999999999999998,0.41062846779823303
0.89,0.5467982888221741,0.22499999999999998,0.38089221715927124
0.89,0.39156872034072876,0.22999999999999998,0.33693867921829224
0.9,0.5146085619926453,0.22499999999999998,0.4641505181789398
0.9,0.6067843437194824,0.22499999999999998,0.39678049087524414
0.88,0.4879264533519745,0.24,0.3979763090610504
0.9099999999999999,0.5788893699645996,0.21500000000000002,0.47435006499290466
0.905,0.4547538459300995,0.21500000000000002,0.4676050841808319
0.905,0.4705938398838043,0.21500000000000002,0.3726840615272522
File: female1_angry_6a_1
0.89,0.6847618818283081,0.21999999999999997,0.9248934984207153
0.89,0.7420058846473694,0.21999999999999997,0.543597936630249
0.895,0.614881694316864,0.21500000000000002,0.41844677925109863
0.895,0.5427336692810059,0.21999999999999997,0.2925255596637726
0.885,0.5667797327041626,0.235,0.4249608814716339
0.895,0.5684009194374084,0.21500000000000002,0.4709065854549408
0.895,0.5066195726394653,0.21999999999999997,0.4946170747280121
0.895,0.5035430788993835,0.21999999999999997,0.5332274436950684
0.89,0.5901703834533691,0.21999999999999997,0.32297590374946594
File: female1_angry_7a_1
0.9,0.6637183427810669,0.21999999999999997,0.5766540765762329
0.915,0.5826234817504883,0.22499999999999998,0.4242208003997803
0.925,0.6413277387619019,0.22499999999999998,0.41670936346054077
0.935,0.6198483109474182,0.21500000000000002,0.4455592930316925
0.9,0.7335208058357239,0.21999999999999997,0.33490023016929626
0.9,0.5518589019775391,0.21999999999999997,0.421049028635025
0.935,0.8784056305885315,0.21000000000000002,0.38587790727615356
0.935,0.5647457242012024,0.21000000000000002,0.42215943336486816
File: female1_angry_8a_1
0.89,0.49974846839904785,0.25,0.3353009521961212
0.89,0.679701566696167,0.25,0.5257372856140137
0.885,0.5798639059066772,0.255,0.5015422105789185
0.885,0.5098124742507935,0.255,0.36835113167762756
0.885,0.7178220748901367,0.25,0.6561375856399536
0.89,0.5630172491073608,0.25,0.44506189227104187
0.9,0.6108720302581787,0.22499999999999998,0.43614575266838074
0.905,0.6450019478797913,0.21999999999999997,0.34589460492134094
0.9,0.6086985468864441,0.21000000000000002,0.5127154588699341
0.9,0.5358812808990479,0.20500000000000002,0.33154404163360596
0.9,0.4947458803653717,0.21000000000000002,0.3583749234676361
File: female1_angry_9a_1
0.925,0.7733275890350342,0.235,0.4674636423587799
0.9,0.663242518901825,0.25,0.643739640712738
0.9299999999999999,0.6274978518486023,0.21999999999999997,0.4258008897304535
0.9299999999999999,0.5881627798080444,0.21999999999999997,0.5269720554351807
0.9099999999999999,0.6885174512863159,0.24,0.37723198533058167
0.925,0.5039949417114258,0.22499999999999998,0.4437668025493622
0.9299999999999999,0.6719335317611694,0.22499999999999998,0.6454746723175049
0.9299999999999999,0.6114470958709717,0.22499999999999998,0.39066973328590393
File: female1_anxious_10a_1
0.9299999999999999,0.637829065322876,0.42,0.12978006899356842
0.925,0.5638530254364014,0.425,0.4978138506412506
0.935,0.540467381477356,0.415,0.48013338446617126
0.95,0.6753993034362793,0.41000000000000003,0.6207940578460693
0.94,0.4089915156364441,0.42,0.37504860758781433
0.9199999999999999,0.6622508764266968,0.425,0.6407939791679382
0.9299999999999999,0.5997490286827087,0.42,0.48407408595085144
0.935,0.5030043721199036,0.415,0.4246784746646881
0.935,0.5185983180999756,0.415,0.4951755106449127
0.935,0.6369439363479614,0.415,0.5783973336219788
0.935,0.4974597990512848,0.415,0.4297829866409302
File: female1_anxious_11a_1
0.9299999999999999,0.6302523016929626,0.43,0.4580245316028595
0.935,0.4831131100654602,0.42,0.28729429841041565
0.94,0.6266806125640869,0.42,0.3622077405452728
0.94,0.5548660755157471,0.575,0.47453150153160095
0.9450000000000001,0.5320971012115479,0.435,0.47795435786247253
0.96,0.5467694997787476,0.415,0.42327621579170227
0.96,0.539534330368042,0.41000000000000003,0.5349342823028564
0.96,0.4830327033996582,0.41000000000000003,0.4489017724990845
0.9650000000000001,0.549919605255127,0.415,0.3056465685367584
0.9550000000000001,0.5491376519203186,0.42,0.40521785616874695
0.9550000000000001,0.4541719853878021,0.42,0.418375700712204
File: female1_anxious_12a_1
0.94,0.6553637385368347,0.415,0.5337938666343689
0.9299999999999999,0.4997078776359558,0.415,0.5146909952163696
0.9550000000000001,0.6958746910095215,0.41000000000000003,0.45799216628074646
0.95,0.7171152830123901,0.405,0.46136346459388733
0.95,0.5618711709976196,0.43,0.4733191728591919
0.935,0.5724183917045593,0.41000000000000003,0.7384332418441772
0.94,0.5910665988922119,0.415,0.4600445032119751
0.94,0.5030195116996765,0.415,0.5430341362953186
0.9299999999999999,0.2924743890762329,0.415,0.33569130301475525
File: female1_anxious_13a_1
0.96,0.69524085521698,0.4,0.3814765512943268
0.95,0.6065091490745544,0.41000000000000003,0.42960408329963684
0.9650000000000001,0.6415660977363586,0.4,0.3776240646839142
0.97,0.7483240365982056,0.395,0.4994438588619232
0.9650000000000001,0.3616013824939728,0.395,0.3540756106376648
File: female1_anxious_14a_1
0.9299999999999999,0.5472077131271362,0.41000000000000003,0.44503358006477356
0.9299999999999999,0.5121312737464905,0.415,0.5233274698257446
0.9550000000000001,0.4504832625389099,0.395,0.2951628863811493
0.9550000000000001,0.5680153369903564,0.4,0.5038276314735413
0.95,0.5943081378936768,0.4,0.4346960484981537
0.9550000000000001,0.642317533493042,0.395,0.47854554653167725
0.9450000000000001,0.6634633541107178,0.395,0.5529378056526184
0.94,0.5136525630950928,0.405,0.5150829553604126
0.94,0.481245219707489,0.415,0.35195815563201904
0.9299999999999999,0.5881853103637695,0.415,0.4657371938228607
0.9450000000000001,0.556749165058136,0.4,0.1747570037841797
0.94,0.6812075972557068,0.395,0.7361174821853638
0.9450000000000001,0.5062322020530701,0.395,0.44674381613731384
0.935,0.3851724863052368,0.4,0.3555228114128113
0.935,0.4140944480895996,0.4,0.3437754213809967
File: female1_anxious_15a_1
0.935,0.6511570811271667,0.405,0.5947953462600708
0.95,0.6989890336990356,0.395,0.33258309960365295
0.9450000000000001,0.48105165362358093,0.39,0.3601703345775604
0.9550000000000001,0.67356938123703,0.4,0.5909247994422913
0.9550000000000001,0.5623735189437866,0.4,0.54306560754776
0.935,0.4362633526325226,0.41000000000000003,0.3244730532169342
0.9550000000000001,0.40073955059051514,0.385,0.3066125214099884
0.95,0.7078807950019836,0.39,0.46209612488746643
0.935,0.5338963270187378,0.41000000000000003,0.4979967176914215
0.94,0.41227540373802185,0.4,0.4249209463596344
0.935,0.47071146965026855,0.405,0.4640010893344879
0.9299999999999999,0.2949347496032715,0.415,0.2871457636356354
0.9299999999999999,0.42870229482650757,0.415,0.3511393964290619
File: female1_anxious_1a_1
0.96,0.6131465435028076,0.39,0.32577794790267944
0.9550000000000001,0.6584097146987915,0.395,0.39493533968925476
0.9650000000000001,0.7096415758132935,0.38,0.32526329159736633
0.96,0.7906993627548218,0.38,0.6177660226821899
0.94,0.5308499336242676,0.4,0.45323446393013
0.94,0.5934818983078003,0.4,0.4137127995491028
0.9550000000000001,0.7174925208091736,0.38,0.6393400430679321
0.95,0.4976654052734375,0.385,0.5050755739212036
File: female1_anxious_2a_1
0.95,0.5647913217544556,0.39,0.9511259198188782
0.9450000000000001,0.6679536700248718,0.4,0.46946200728416443
0.95,0.5856205224990845,0.395,0.5439548492431641
0.95,0.6088687181472778,0.41000000000000003,0.4237215220928192
0.94,0.5871227979660034,0.42,0.5157779455184937
0.935,0.5318671464920044,0.415,0.5172836184501648
0.9550000000000001,0.5543550848960876,0.395,0.47134560346603394
0.96,0.5771652460098267,0.395,0.474849671125412
0.95,0.5780532360076904,0.4,0.6062666773796082
0.9450000000000001,0.3665204644203186,0.4,0.3991800546646118
File: female1_anxious_3a_1
0.9299999999999999,0.4744914770126343,0.41000000000000003,0.35692572593688965
0.9450000000000001,0.5743567943572998,0.38,0.5182697772979736
0.95,0.542317271232605,0.38,0.37838900089263916
0.935,0.5014363527297974,0.4,0.39206016063690186
0.9299999999999999,0.5786850452423096,0.4,0.42111238837242126
0.95,0.56056809425354,0.385,0.44451507925987244
0.95,0.4934312403202057,0.39,0.5207287073135376
0.94,0.5056105852127075,0.41000000000000003,0.3186322748661041
0.95,0.7632718682289124,0.385,0.6581558585166931
0.9450000000000001,0.47265976667404175,0.385,0.33014795184135437
File: female1_anxious_4a_1
0.9550000000000001,0.4896964728832245,0.415,0.23411433398723602
0.95,0.5592070817947388,0.425,0.42503437399864197
0.94,0.7718620896339417,0.42,0.6995532512664795
0.935,0.667949914932251,0.41000000000000003,0.5149281024932861
0.95,0.47146016359329224,0.405,0.33033913373947144
0.95,0.4455626308917999,0.405,0.6569278836250305
0.9450000000000001,0.6138253808021545,0.415,0.4246147572994232
0.96,0.6660631895065308,0.425,0.3836163282394409
0.95,0.4454556703567505,0.43,0.4066404402256012
0.94,0.5001379251480103,0.425,0.45168590545654297
0.94,0.426425039768219,0.425,0.395478218793869
File: female1_anxious_5a_1
0.9299999999999999,0.5690099000930786,0.415,0.5180509686470032
0.94,0.6051206588745117,0.395,0.3561132252216339
0.9450000000000001,0.6255565881729126,0.395,0.3926452696323395
0.94,0.43125325441360474,0.385,0.3658280670642853
0.935,0.5917038917541504,0.39,0.36137786507606506
0.925,0.5158102512359619,0.4,0.38547953963279724
0.9450000000000001,0.5823309421539307,0.38,0.5287366509437561
0.95,0.6004414558410645,0.38,0.4777474105358124
0.95,0.43425554037094116,0.38,0.4249221682548523
File: female1_anxious_6a_1
0.95,0.6844675540924072,0.405,0.8292899131774902
0.94,0.6700063347816467,0.41000000000000003,0.50189608335495
0.9299999999999999,0.5737844109535217,0.415,0.5019545555114746
0.9299999999999999,0.49050551652908325,0.42,0.3295811712741852
0.935,0.5552653074264526,0.41000000000000003,0.37220191955566406
0.96,0.6043341159820557,0.39,0.43616417050361633
0.96,0.5529702305793762,0.39,0.3846069276332855
0.95,0.5993688702583313,0.385,0.501594066619873
0.9550000000000001,0.5531530976295471,0.4,0.3725909888744354
0.95,0.41750091314315796,0.4,0.3786976933479309
File: female1_anxious_7a_1
0.925,0.5619114637374878,0.4,0.5238200426101685
0.9199999999999999,0.6542391180992126,0.395,0.4584781527519226
0.9199999999999999,0.5468635559082031,0.4,0.4593638479709625
0.94,0.5923035144805908,0.41000000000000003,0.2279038280248642
0.9450000000000001,0.455444872379303,0.415,0.24937143921852112
0.9299999999999999,0.4729708433151245,0.41000000000000003,0.43243637681007385
0.9299999999999999,0.6324340105056763,0.42,0.4051956236362457
0.9450000000000001,0.6042287349700928,0.4,0.5796926021575928
0.9450000000000001,0.4932769536972046,0.4,0.39741918444633484
File: female1_anxious_8a_1
0.95,0.5622555613517761,0.385,0.3847319483757019
0.94,0.5650237798690796,0.4,0.4830988347530365
0.94,0.621289074420929,0.4,0.5185689926147461
0.9299999999999999,0.4935269355773926,0.395,0.32000118494033813
0.925,0.7631916999816895,0.395,0.46894970536231995
0.925,0.5316826701164246,0.41000000000000003,0.4295387268066406
0.935,0.7052270174026489,0.4,0.3365285098552704
0.94,0.678978681564331,0.385,0.35567668080329895
0.9450000000000001,0.670099139213562,0.38,0.4929477274417877
0.9450000000000001,0.365323007106781,0.39,0.3539694845676422
0.94,0.4339677393436432,0.4,0.3380506634712219
File: female1_anxious_9a_1
0.9450000000000001,0.6854418516159058,0.4,0.5107381343841553
0.94,0.6147687435150146,0.4,0.6459966897964478
0.9550000000000001,0.5923272371292114,0.385,0.4661654531955719
0.96,0.6437958478927612,0.38,0.43116170167922974
0.95,0.47551295161247253,0.39,0.4231703579425812
0.935,0.5151421427726746,0.4,0.4323410093784332
0.9650000000000001,0.5819281339645386,0.38,0.3716428279876709
0.9650000000000001,0.771786630153656,0.375,0.7350210547447205
0.97,0.4985194206237793,0.38,0.38595014810562134
File: female1_apologetic_10a_1
0.28500000000000003,0.31586363911628723,0.315,0.3198162019252777
0.28,0.4195438623428345,0.31,0.4373958706855774
0.305,0.4668029546737671,0.29000000000000004,0.44806063175201416
0.32,0.4685802757740021,0.28500000000000003,0.5684990882873535
0.315,0.42571842670440674,0.28500000000000003,0.26140862703323364
0.315,0.4413544237613678,0.31,0.5711969137191772
0.32,0.30764222145080566,0.315,0.32239285111427307
0.31,0.29004308581352234,0.305,0.2780759036540985
0.305,0.3868328928947449,0.3,0.3564511239528656
0.3,0.3492543697357178,0.3,0.3514820337295532
0.3,0.4216978847980499,0.3,0.5056708455085754
File: female1_apologetic_11a_1
0.3,0.3710561990737915,0.315,0.4199255704879761
0.31,0.23312067985534668,0.32,0.3006158471107483
0.315,0.4635692536830902,0.32,0.46488460898399353
0.315,0.34542369842529297,0.32,0.35974112153053284
0.29500000000000004,0.5013158917427063,0.325,0.4205828607082367
0.315,0.39829862117767334,0.31,0.39888787269592285
0.315,0.4161006212234497,0.31,0.4213941693305969
0.31,0.4074490964412689,0.3,0.4565800726413727
0.3,0.3383607566356659,0.3,0.4402928352355957
0.3,0.2536863088607788,0.3,0.38908034563064575
File: female1_apologetic_12a_1
0.29000000000000004,0.4524427354335785,0.31,0.5468117594718933
0.28500000000000003,0.41089150309562683,0.305,0.5121700167655945
0.3,0.3838341236114502,0.29000000000000004,0.4349171817302704
0.305,0.48857855796813965,0.28500000000000003,0.4764435291290283
0.305,0.4473770260810852,0.28500000000000003,0.4779963791370392
0.29000000000000004,0.49966225028038025,0.3,0.61021888256073
0.3,0.42801159620285034,0.29500000000000004,0.45864346623420715
0.29500000000000004,0.4319344162940979,0.29000000000000004,0.5154353380203247
0.29500000000000004,0.3804917633533478,0.29000000000000004,0.4399765431880951
File: female1_apologetic_13a_1
0.315,0.46863293647766113,0.3,0.37510421872138977
0.32,0.3888998031616211,0.28500000000000003,0.4076692759990692
0.32,0.5778627395629883,0.28500000000000003,0.5178993344306946
0.305,0.29577481746673584,0.29500000000000004,0.4397222101688385
0.315,0.31876474618911743,0.29000000000000004,0.46235916018486023
0.315,0.4117077589035034,0.28500000000000003,0.44467517733573914
0.3,0.2871987223625183,0.28500000000000003,0.33245840668678284
File: female1_apologetic_14a_1
0.3,0.34987807273864746,0.32,0.509106457233429
0.305,0.42278897762298584,0.315,0.34492793679237366
0.315,0.4683602452278137,0.305,0.49777254462242126
0.315,0.44168174266815186,0.3,0.4198850989341736
0.31,0.4668458104133606,0.3,0.4550764858722687
0.31,0.4382253885269165,0.315,0.4793238043785095
0.32,0.4331970810890198,0.3,0.3990037441253662
0.325,0.38937655091285706,0.29000000000000004,0.2178695648908615
0.315,0.4942041039466858,0.28500000000000003,0.6883524656295776
0.315,0.4256649613380432,0.28500000000000003,0.5884394645690918
File: female1_apologetic_15a_1
0.315,0.4093068838119507,0.28500000000000003,0.49324437975883484
0.32,0.3774758577346802,0.28,0.36703193187713623
0.32,0.5551558136940002,0.28,0.7501744031906128
0.315,0.49996158480644226,0.28,0.4932675063610077
0.31,0.42155247926712036,0.29000000000000004,0.4083586037158966
0.3,0.5119657516479492,0.3,0.4188309609889984
0.29000000000000004,0.6017489433288574,0.29500000000000004,0.5483705401420593
0.3,0.5289724469184875,0.28500000000000003,0.3016963303089142
0.3,0.5065745115280151,0.28500000000000003,0.30563607811927795
0.31,0.4358040392398834,0.28,0.3511265814304352
0.315,0.4072492718696594,0.28,0.33205869793891907
0.31,0.3665817081928253,0.28,0.3456800580024719
0.31,0.3408249318599701,0.28,0.35556140542030334
File: female1_apologetic_1a_1
0.3,0.4005257487297058,0.29500000000000004,0.321459025144577
0.305,0.4135165810585022,0.29000000000000004,0.511520266532898
0.32,0.4985489845275879,0.28,0.5932435989379883
0.325,0.433604896068573,0.28500000000000003,0.5035927295684814
0.3,0.4534282088279724,0.28500000000000003,0.3565148115158081
0.305,0.40529516339302063,0.29000000000000004,0.32525569200515747
0.315,0.48669588565826416,0.28500000000000003,0.5860746502876282
0.3,0.4419165551662445,0.28500000000000003,0.6028708815574646
File: female1_apologetic_2a_1
0.29500000000000004,0.4862900376319885,0.3,0.6967286467552185
0.29000000000000004,0.3597334921360016,0.305,0.44207489490509033
0.28500000000000003,0.5041077136993408,0.31,0.4497598707675934
0.29500000000000004,0.4554499387741089,0.31,0.4077317714691162
0.3,0.47074270248413086,0.305,0.5351256132125854
0.3,0.42080771923065186,0.3,0.5484104752540588
0.305,0.4274590015411377,0.29000000000000004,0.5282063484191895
0.29500000000000004,0.42659544944763184,0.28500000000000003,0.48900285363197327
0.29000000000000004,0.39220869541168213,0.29000000000000004,0.5512712001800537
File: female1_apologetic_3a_1
0.28500000000000003,0.43160587549209595,0.315,0.39008691906929016
0.31,0.37120509147644043,0.305,0.5100439786911011
0.31,0.3660927414894104,0.3,0.4153309166431427
0.305,0.41539454460144043,0.3,0.4348854720592499
0.29500000000000004,0.44856348633766174,0.29000000000000004,0.31571513414382935
0.305,0.5439081192016602,0.29500000000000004,0.37141990661621094
0.315,0.41234272718429565,0.3,0.4734460413455963
0.315,0.44275057315826416,0.3,0.43367496132850647
0.3,0.22153928875923157,0.305,0.32854798436164856
0.29500000000000004,0.34436678886413574,0.28500000000000003,0.4271223247051239
0.29500000000000004,0.3900021016597748,0.29000000000000004,0.29114028811454773
File: female1_apologetic_4a_1
0.32,0.4376700222492218,0.28500000000000003,0.3830261528491974
0.31,0.5434152483940125,0.29000000000000004,0.4586885869503021
0.3,0.45563703775405884,0.29000000000000004,0.3752734363079071
0.3,0.5363008975982666,0.305,0.4748170077800751
0.305,0.525514543056488,0.3,0.37628957629203796
0.31,0.48949843645095825,0.3,0.4445071518421173
0.31,0.49254006147384644,0.29500000000000004,0.4503914415836334
0.315,0.5235394239425659,0.29000000000000004,0.42512115836143494
0.315,0.18702003359794617,0.29500000000000004,0.33104297518730164
0.3,0.38330966234207153,0.29000000000000004,0.3429487347602844
0.3,0.2813330292701721,0.3,0.3826364576816559
File: female1_apologetic_5a_1
0.29500000000000004,0.35630226135253906,0.32,0.40391072630882263
0.3,0.33769339323043823,0.31,0.3518902361392975
0.305,0.5003376603126526,0.31,0.343195378780365
0.32,0.4772656559944153,0.315,0.37085792422294617
0.315,0.5392543077468872,0.31,0.44027259945869446
0.315,0.40931475162506104,0.31,0.3769969940185547
0.29500000000000004,0.3155628442764282,0.3,0.278627872467041
0.31,0.4072641134262085,0.29500000000000004,0.530977725982666
0.31,0.3591321110725403,0.29500000000000004,0.5686010718345642
File: female1_apologetic_6a_1
0.28,0.5869038701057434,0.315,0.48702290654182434
0.28500000000000003,0.46955016255378723,0.32,0.3922121822834015
0.28500000000000003,0.376332551240921,0.31,0.32738688588142395
0.275,0.4209789037704468,0.31,0.23299799859523773
0.27,0.36167579889297485,0.305,0.4160960018634796
0.29000000000000004,0.4999837279319763,0.3,0.5053654909133911
0.29000000000000004,0.5082299113273621,0.3,0.4252864420413971
0.28500000000000003,0.5408362150192261,0.29500000000000004,0.5146539211273193
0.28,0.5270458459854126,0.3,0.3638601005077362
0.275,0.38220083713531494,0.305,0.3215911090373993
File: female1_apologetic_7a_1
0.28500000000000003,0.5385507345199585,0.32,0.5973973870277405
0.28,0.5192222595214844,0.325,0.5432090759277344
0.3,0.4184443950653076,0.315,0.3103357255458832
0.29500000000000004,0.41210106015205383,0.32,0.3499074876308441
0.28500000000000003,0.24825793504714966,0.31,0.3149380087852478
0.28,0.318004310131073,0.31,0.36920154094696045
0.3,0.5743755102157593,0.305,0.4968425929546356
0.3,0.38760972023010254,0.31,0.4032689034938812
0.3,0.5921223163604736,0.31,0.6421494483947754
File: female1_apologetic_8a_1
0.3,0.37364375591278076,0.305,0.38513055443763733
0.305,0.47665125131607056,0.3,0.5082356333732605
0.3,0.4427948296070099,0.3,0.5469281673431396
0.29500000000000004,0.5434646606445312,0.29500000000000004,0.329996794462204
0.29500000000000004,0.395554780960083,0.3,0.4658156931400299
0.28500000000000003,0.577930212020874,0.29000000000000004,0.4317745566368103
0.3,0.4755767583847046,0.29000000000000004,0.37063226103782654
0.305,0.5035261511802673,0.28,0.3955584764480591
0.3,0.33655253052711487,0.28500000000000003,0.44169965386390686
0.3,0.5105600953102112,0.28500000000000003,0.3349686563014984
File: female1_apologetic_9a_1
0.305,0.6610057353973389,0.325,0.47751864790916443
0.29500000000000004,0.4394342303276062,0.32999999999999996,0.34694644808769226
0.305,0.6611608266830444,0.315,0.4980866014957428
0.3,0.4823164641857147,0.31,0.4495241343975067
0.28500000000000003,0.2968297600746155,0.31,0.3502362072467804
0.28,0.4410001039505005,0.305,0.38538870215415955
0.28500000000000003,0.5814427733421326,0.3,0.6668981313705444
0.28500000000000003,0.3579597473144531,0.3,0.34242329001426697
File: female1_enthusiastic_10a_1
0.66,0.49194401502609253,0.745,0.3253258168697357
0.65,0.661587119102478,0.75,0.48678603768348694
0.665,0.5050492286682129,0.74,0.47041258215904236
0.655,0.5385223627090454,0.735,0.6221538186073303
0.655,0.44428858160972595,0.74,0.45595583319664
0.66,0.6451166868209839,0.755,0.4925827085971832
0.66,0.4914171099662781,0.76,0.31005266308784485
0.66,0.5862634181976318,0.76,0.3585337698459625
0.67,0.4876900017261505,0.77,0.3690465986728668
0.665,0.6128112077713013,0.77,0.4801894724369049
File: female1_enthusiastic_11a_1
0.66,0.5310890674591064,0.78,0.48523321747779846
0.65,0.41887202858924866,0.79,0.34027716517448425
0.665,0.742339015007019,0.75,0.5719621777534485
0.6799999999999999,0.4708724319934845,0.7849999999999999,0.30780771374702454
0.66,0.5564307570457458,0.78,0.47162383794784546
0.69,0.620162308216095,0.78,0.4699614346027374
0.7,0.5415995121002197,0.7849999999999999,0.5087440013885498
0.705,0.6773272752761841,0.79,0.3457164466381073
0.71,0.47373223304748535,0.8,0.43039003014564514
0.705,0.4313323497772217,0.79,0.41497424244880676
File: female1_enthusiastic_12a_1
0.65,0.6377520561218262,0.7849999999999999,0.504637598991394
0.645,0.5673598051071167,0.78,0.545660138130188
0.65,0.4508499503135681,0.77,0.30870959162712097
0.655,0.6880630254745483,0.77,0.5611697435379028
0.665,0.514275312423706,0.7849999999999999,0.5006737112998962
0.6799999999999999,0.6519668102264404,0.79,0.6395959854125977
0.66,0.6469964385032654,0.78,0.49994635581970215
0.655,0.5064409971237183,0.775,0.5023890137672424
0.65,0.4261142313480377,0.765,0.4460122287273407
File: female1_enthusiastic_13a_1
0.6799999999999999,0.6050454378128052,0.78,0.482854425907135
0.66,0.514136016368866,0.775,0.41935279965400696
0.67,0.48071080446243286,0.79,0.4354781210422516
0.675,0.5640859007835388,0.7949999999999999,0.4575572907924652
0.66,0.21810218691825867,0.7949999999999999,0.39370331168174744
File: female1_enthusiastic_14a_1
0.675,0.7756269574165344,0.7849999999999999,0.6453361511230469
0.67,0.5591757297515869,0.775,0.4712185263633728
0.65,0.5192408561706543,0.765,0.48793676495552063
0.655,0.6709363460540771,0.765,0.5785102844238281
0.665,0.5989736914634705,0.775,0.2877767086029053
0.67,0.47934600710868835,0.775,0.43942317366600037
0.665,0.47884058952331543,0.775,0.4094877243041992
File: female1_enthusiastic_15a_1
0.66,0.42257043719291687,0.765,0.46605613827705383
0.67,0.487352192401886,0.78,0.429336279630661
0.675,0.6377376317977905,0.7849999999999999,0.5115200877189636
0.69,0.3602398633956909,0.79,0.3292120695114136
0.6950000000000001,0.5909533500671387,0.7949999999999999,0.4283362925052643
0.685,0.5371854901313782,0.7949999999999999,0.3736032545566559
0.665,0.5386798977851868,0.7849999999999999,0.5839433670043945
0.675,0.47817468643188477,0.78,0.49942547082901
0.67,0.43971550464630127,0.78,0.4696662724018097
0.67,0.6749131679534912,0.78,0.6085536479949951
File: female1_enthusiastic_1a_1
0.655,0.5143076181411743,0.75,0.2427741140127182
0.65,0.6200234889984131,0.745,0.5185457468032837
0.665,0.7316491603851318,0.765,0.31590279936790466
0.665,0.5970301628112793,0.765,0.45244213938713074
0.655,0.5691394805908203,0.76,0.4315028488636017
0.66,0.49159371852874756,0.765,0.5468547344207764
0.65,0.5156333446502686,0.755,0.5202692151069641
0.65,0.4513395428657532,0.75,0.46314677596092224
File: female1_enthusiastic_2a_1
0.65,0.5862990021705627,0.745,0.7112548351287842
0.645,0.5653316974639893,0.74,0.4735676944255829
0.655,0.5983755588531494,0.75,0.599565327167511
0.65,0.5025519132614136,0.755,0.4648793637752533
0.65,0.4133990406990051,0.75,0.5089302062988281
0.645,0.6419695019721985,0.75,0.6385223865509033
0.65,0.48778194189071655,0.74,0.4537038505077362
0.66,0.5159599781036377,0.74,0.5192084312438965
0.655,0.4169027805328369,0.735,0.5190632343292236
File: female1_enthusiastic_3a_1
0.65,0.506192684173584,0.75,0.343923956155777
0.67,0.6054672002792358,0.79,0.6765745282173157
0.67,0.4643760323524475,0.7849999999999999,0.41733822226524353
0.66,0.4945952892303467,0.77,0.4569971263408661
0.66,0.5687590837478638,0.775,0.4726606607437134
0.665,0.5868319869041443,0.77,0.4977305829524994
0.655,0.4447557330131531,0.77,0.4170396029949188
0.655,0.5330551862716675,0.76,0.6552919745445251
0.665,0.43111276626586914,0.78,0.3163156509399414
0.665,0.3753821849822998,0.78,0.32093122601509094
File: female1_enthusiastic_4a_1
0.675,0.5340912342071533,0.775,0.30903950333595276
0.67,0.6295167207717896,0.765,0.5369938611984253
0.67,0.5481140613555908,0.765,0.39986705780029297
0.675,0.7261899709701538,0.775,0.321370929479599
0.675,0.529779851436615,0.77,0.46510449051856995
0.6799999999999999,0.5859984159469604,0.775,0.4674302637577057
0.6799999999999999,0.569254994392395,0.775,0.4204316735267639
0.67,0.6659224033355713,0.78,0.4757905602455139
0.665,0.5408211946487427,0.78,0.4856453239917755
0.66,0.2826003432273865,0.775,0.3926728665828705
0.66,0.35824644565582275,0.775,0.4462396800518036
File: female1_enthusiastic_5a_1
0.65,0.3800737261772156,0.765,0.33923718333244324
0.6799999999999999,0.6452233195304871,0.765,0.39596253633499146
0.675,0.5280597805976868,0.76,0.40536901354789734
0.6799999999999999,0.49495264887809753,0.76,0.42075809836387634
0.6799999999999999,0.6213624477386475,0.765,0.4984082877635956
0.67,0.5660151243209839,0.77,0.4673239290714264
0.66,0.4801821708679199,0.77,0.34984180331230164
0.685,0.7000995874404907,0.775,0.5459725856781006
0.6950000000000001,0.4892967939376831,0.77,0.4580782651901245
File: female1_enthusiastic_6a_1
0.67,0.6083769202232361,0.78,0.9247391223907471
0.67,0.6699420809745789,0.765,0.5602825880050659
0.655,0.5118932127952576,0.76,0.421037882566452
0.655,0.5347124338150024,0.76,0.34595486521720886
0.645,0.552737832069397,0.765,0.5060446858406067
0.66,0.6558068990707397,0.765,0.4779801070690155
0.665,0.6383830308914185,0.765,0.7387630939483643
0.66,0.40020179748535156,0.76,0.4107035994529724
0.66,0.4225885272026062,0.76,0.32492825388908386
File: female1_enthusiastic_7a_1
0.66,0.5790122747421265,0.77,0.590914249420166
0.65,0.6392017602920532,0.775,0.4683897793292999
0.675,0.5936099290847778,0.7849999999999999,0.4046238660812378
0.6799999999999999,0.5339242815971375,0.79,0.46586352586746216
0.6799999999999999,0.47958922386169434,0.79,0.27434980869293213
0.665,0.5126448273658752,0.775,0.5243711471557617
0.6799999999999999,0.6142469048500061,0.775,0.6301354169845581
0.6799999999999999,0.5657024383544922,0.78,0.3315103352069855
0.6799999999999999,0.40647172927856445,0.7849999999999999,0.30741092562675476
File: female1_enthusiastic_8a_1
0.655,0.46481913328170776,0.7849999999999999,0.44292035698890686
0.665,0.5622738599777222,0.7849999999999999,0.4690018594264984
0.665,0.5540862083435059,0.78,0.4827355444431305
0.65,0.5497176051139832,0.77,0.4038292169570923
0.65,0.5078883171081543,0.765,0.5392554998397827
0.645,0.5040267705917358,0.765,0.39005693793296814
0.655,0.5805284976959229,0.76,0.5976786613464355
0.665,0.661707878112793,0.7849999999999999,0.465934157371521
0.665,0.47703954577445984,0.78,0.44495847821235657
0.66,0.3681076169013977,0.78,0.29288187623023987
File: female1_enthusiastic_9a_1
0.67,0.7201037406921387,0.775,0.5129837989807129
0.665,0.6753527522087097,0.78,0.5242376327514648
0.675,0.4102756977081299,0.7849999999999999,0.4772079288959503
0.675,0.5102656483650208,0.7849999999999999,0.4791754186153412
0.66,0.4385310411453247,0.77,0.44348058104515076
0.65,0.47468775510787964,0.775,0.39116209745407104
0.6799999999999999,0.7201665639877319,0.79,0.561107873916626
0.67,0.41024887561798096,0.7849999999999999,0.3973226845264435
File: female1_excited_10a_1
0.88,0.597813606262207,0.875,0.32901376485824585
0.885,0.6771360635757446,0.87,0.5524486303329468
0.88,0.6140780448913574,0.885,0.5234935879707336
0.885,0.570411205291748,0.885,0.5470306873321533
0.885,0.5777255296707153,0.88,0.37307825684547424
0.88,0.4754371643066406,0.87,0.47650963068008423
0.88,0.4455982744693756,0.89,0.42661234736442566
0.875,0.5223904848098755,0.875,0.399299681186676
0.875,0.48899468779563904,0.87,0.46459057927131653
0.875,0.42812788486480713,0.87,0.3856426775455475
0.87,0.4800378084182739,0.87,0.4836638867855072
File: female1_excited_11a_1
0.89,0.599734902381897,0.885,0.4551619291305542
0.9,0.5870881080627441,0.89,0.35776153206825256
0.925,0.5580352544784546,0.9,0.2677105963230133
0.9299999999999999,0.7163249850273132,0.905,0.4221378266811371
0.915,0.47505277395248413,0.89,0.46655434370040894
0.915,0.627672553062439,0.89,0.4304529130458832
0.9199999999999999,0.5570487380027771,0.905,0.420489639043808
0.925,0.5795751810073853,0.9099999999999999,0.48313263058662415
0.925,0.7658342719078064,0.9099999999999999,0.489241361618042
File: female1_excited_12a_1
0.895,0.6196432709693909,0.9199999999999999,0.5106905698776245
0.9,0.7483254671096802,0.9199999999999999,0.4775716960430145
0.9,0.47155818343162537,0.9099999999999999,0.3168465495109558
0.895,0.6592690944671631,0.9099999999999999,0.4296773374080658
0.885,0.7438976764678955,0.905,0.4283207356929779
0.9,0.6228011250495911,0.915,0.4984581172466278
0.9,0.5787936449050903,0.9199999999999999,0.5300328731536865
0.9,0.5059740543365479,0.9199999999999999,0.5244542956352234
0.9,0.4338410794734955,0.9199999999999999,0.2832697033882141
File: female1_excited_13a_1
0.9199999999999999,0.7611305713653564,0.9299999999999999,0.23672954738140106
0.915,0.6224914789199829,0.925,0.32345592975616455
0.9099999999999999,0.5109473466873169,0.9099999999999999,0.3550190031528473
0.9099999999999999,0.5562401413917542,0.9099999999999999,0.47459572553634644
0.9,0.6083492636680603,0.905,0.5261261463165283
0.915,0.57590252161026,0.9199999999999999,0.3337908685207367
0.915,0.5176709890365601,0.9199999999999999,0.3715105950832367
0.915,0.4132575988769531,0.915,0.3257467448711395
File: female1_excited_14a_1
0.89,0.5819389224052429,0.885,0.40448740124702454
0.895,0.6406567692756653,0.885,0.3311655819416046
0.89,0.5328623056411743,0.895,0.3335235118865967
0.89,0.5591927766799927,0.905,0.38568314909935
0.9,0.6531528234481812,0.905,0.5449841022491455
0.885,0.5120528936386108,0.9,0.273255854845047
0.905,0.5070611834526062,0.9199999999999999,0.4276423752307892
0.905,0.5198488235473633,0.915,0.41026145219802856
0.905,0.46108585596084595,0.915,0.48779234290122986
File: female1_excited_15a_1
0.915,0.588474452495575,0.925,0.3289622664451599
0.9099999999999999,0.7922487854957581,0.9199999999999999,0.4927693009376526
0.89,0.570499062538147,0.905,0.3992202579975128
0.9,0.45923030376434326,0.915,0.33313414454460144
0.9,0.522152304649353,0.915,0.34597039222717285
0.89,0.6176738739013672,0.9,0.5396066904067993
0.9,0.5062673091888428,0.9,0.37290534377098083
0.905,0.6504353284835815,0.9099999999999999,0.4578540623188019
0.9099999999999999,0.40899989008903503,0.9199999999999999,0.4164253771305084
0.9099999999999999,0.5139560103416443,0.9099999999999999,0.528275191783905
File: female1_excited_1a_1
0.915,0.5696130990982056,0.905,0.4946999251842499
0.9,0.6068075299263,0.905,0.5532790422439575
0.905,0.7437911629676819,0.9099999999999999,0.20982396602630615
0.9099999999999999,0.737179160118103,0.9099999999999999,0.6112076044082642
0.9,0.5956459045410156,0.9,0.3087720572948456
0.9,0.7058878540992737,0.9,0.5211018323898315
0.915,0.5259506702423096,0.9099999999999999,0.3861505389213562
0.9,0.670236349105835,0.9099999999999999,0.6551196575164795
0.89,0.5030755400657654,0.905,0.42344868183135986
File: female1_excited_2a_1
0.9099999999999999,0.6858488321304321,0.89,0.6684368848800659
0.905,0.657411515712738,0.895,0.5899432897567749
0.9,0.5837799310684204,0.895,0.5625200867652893
0.9199999999999999,0.6281849145889282,0.915,0.4888451397418976
0.9199999999999999,0.5149633288383484,0.9199999999999999,0.39750775694847107
0.89,0.7030946016311646,0.9099999999999999,0.548115611076355
0.88,0.534699559211731,0.9,0.4453546404838562
0.9,0.49536171555519104,0.905,0.5928566455841064
0.9,0.6476867198944092,0.905,0.5869675874710083
0.895,0.5198531746864319,0.9,0.47244536876678467
File: female1_excited_3a_1
0.88,0.5218508243560791,0.875,0.4126625955104828
0.905,0.5737653970718384,0.89,0.5596228241920471
0.905,0.61756432056427,0.895,0.41734281182289124
0.885,0.6241754293441772,0.88,0.45009562373161316
0.885,0.746691107749939,0.88,0.2502230405807495
0.9,0.6409419775009155,0.895,0.5687366724014282
0.9,0.571845293045044,0.89,0.5127250552177429
0.89,0.4896765351295471,0.875,0.2887103259563446
0.905,0.7002570033073425,0.89,0.5228632688522339
0.9,0.3424622416496277,0.89,0.2930946946144104
File: female1_excited_4a_1
0.915,0.7041469216346741,0.915,0.5308363437652588
0.905,0.5276230573654175,0.915,0.4707363545894623
0.915,0.753322958946228,0.915,0.48671504855155945
0.905,0.700671911239624,0.9099999999999999,0.4773358106613159
0.9099999999999999,0.5364502668380737,0.9199999999999999,0.3073376715183258
0.9099999999999999,0.6795380711555481,0.915,0.6208876967430115
0.905,0.7021558880805969,0.915,0.4303074777126312
0.915,0.6608784794807434,0.905,0.39540770649909973
0.905,0.4700127840042114,0.9,0.33684855699539185
0.9,0.5610287189483643,0.9,0.3765272796154022
0.89,0.45869719982147217,0.89,0.4911039173603058
File: female1_excited_5a_1
0.885,0.4629814624786377,0.89,0.36189714074134827
0.905,0.7840797901153564,0.9199999999999999,0.4903620481491089
0.905,0.6116811633110046,0.915,0.28448060154914856
0.915,0.5404027104377747,0.925,0.4375903904438019
0.915,0.6525288820266724,0.9299999999999999,0.346950888633728
0.905,0.6771968603134155,0.9199999999999999,0.39326390624046326
0.89,0.48491206765174866,0.915,0.4232993721961975
0.9199999999999999,0.5843843221664429,0.925,0.3794901669025421
0.915,0.6667630076408386,0.925,0.5319360494613647
0.915,0.4481968283653259,0.925,0.3994167745113373
File: female1_excited_6a_1
0.895,0.6695860624313354,0.9,0.2922411262989044
0.9,0.5307638049125671,0.895,0.4963070750236511
0.885,0.6247354745864868,0.905,0.3914085328578949
0.885,0.6145107746124268,0.9,0.23764151334762573
0.895,0.6174311637878418,0.885,0.39836543798446655
0.9199999999999999,0.5941741466522217,0.9,0.5146676301956177
0.915,0.5546372532844543,0.905,0.38877829909324646
0.9199999999999999,0.6899588108062744,0.9,0.5537327527999878
0.915,0.5576007962226868,0.9,0.42021578550338745
0.915,0.400412380695343,0.895,0.357359915971756
File: female1_excited_7a_1
0.905,0.6413237452507019,0.925,0.44844430685043335
0.9,0.6011481285095215,0.9199999999999999,0.5098881721496582
0.9,0.6713222861289978,0.9199999999999999,0.5158501267433167
0.925,0.7041323781013489,0.925,0.3815121352672577
0.9,0.5942953824996948,0.905,0.22247156500816345
0.895,0.6343298554420471,0.885,0.5933749675750732
0.9,0.3939342796802521,0.885,0.3383026421070099
0.915,0.7772651314735413,0.9099999999999999,0.8310908079147339
0.9099999999999999,0.5030860304832458,0.915,0.41471484303474426
File: female1_excited_8a_1
0.895,0.6237500309944153,0.915,0.4615519344806671
0.895,0.590174674987793,0.9099999999999999,0.5602441430091858
0.9,0.49590378999710083,0.915,0.42231056094169617
0.9,0.49232691526412964,0.915,0.5091490745544434
0.885,0.626910388469696,0.895,0.4144164025783539
0.9,0.6114581227302551,0.915,0.3929939568042755
0.905,0.623820424079895,0.915,0.5772895812988281
0.9099999999999999,0.5726048946380615,0.915,0.43837788701057434
0.9,0.4199918508529663,0.9099999999999999,0.3630896508693695
0.9,0.5327718257904053,0.9099999999999999,0.34806522727012634
File: female1_excited_9a_1
0.9,0.7214747667312622,0.9199999999999999,0.4845087230205536
0.895,0.6671199798583984,0.9099999999999999,0.6816205978393555
0.885,0.5749119520187378,0.915,0.394604355096817
0.915,0.6173251867294312,0.9199999999999999,0.48941418528556824
0.9199999999999999,0.5239642858505249,0.9199999999999999,0.4116389751434326
0.9,0.6242364048957825,0.905,0.3821236789226532
0.9099999999999999,0.4805704951286316,0.925,0.34949758648872375
0.9199999999999999,0.775843620300293,0.925,0.43065574765205383
0.925,0.5207949876785278,0.9299999999999999,0.45150917768478394
0.925,0.4417770504951477,0.9299999999999999,0.33613321185112
File: female1_happy_10a_1
0.565,0.42623794078826904,0.935,0.34114593267440796
0.58,0.543973445892334,0.925,0.5319865942001343
0.605,0.5483706593513489,0.94,0.48662135004997253
0.6,0.5032624006271362,0.9450000000000001,0.59601229429245
0.6,0.39975547790527344,0.94,0.31601682305336
0.5700000000000001,0.5194488763809204,0.9299999999999999,0.6142678260803223
0.585,0.5897477269172668,0.935,0.7019560933113098
0.575,0.46912384033203125,0.9450000000000001,0.48867467045783997
0.58,0.5356281399726868,0.9450000000000001,0.4510214626789093
0.615,0.41592782735824585,0.95,0.34440770745277405
0.615,0.5307010412216187,0.94,0.4651740491390228
0.6,0.3803979754447937,0.94,0.3982373774051666
File: female1_happy_11a_1
0.5700000000000001,0.5621262788772583,0.9450000000000001,0.5264148712158203
0.585,0.5441967248916626,0.95,0.4641450345516205
0.6,0.4684271216392517,0.935,0.23581638932228088
0.6,0.7644028663635254,0.94,0.42657238245010376
0.585,0.48310530185699463,0.94,0.5463672876358032
0.575,0.5374531745910645,0.94,0.4160880744457245
0.575,0.504997730255127,0.95,0.4261690080165863
0.565,0.4788290560245514,0.9550000000000001,0.3629908561706543
0.56,0.2354772537946701,0.95,0.3852398097515106
File: female1_happy_12a_1
0.6,0.44369447231292725,0.9550000000000001,0.4867406487464905
0.605,0.5965996980667114,0.9550000000000001,0.42765673995018005
0.59,0.573162317276001,0.95,0.46592381596565247
0.59,0.5935420989990234,0.9450000000000001,0.4383503198623657
0.615,0.6274360418319702,0.935,0.538560688495636
0.605,0.5917518138885498,0.94,0.5365434288978577
0.63,0.6810457706451416,0.9550000000000001,0.4450604319572449
0.63,0.4895208179950714,0.96,0.49412447214126587
0.615,0.4245113134384155,0.95,0.3397151529788971
File: female1_happy_13a_1
0.59,0.5262266993522644,0.96,0.8764172792434692
0.6,0.4608587622642517,0.9550000000000001,0.3369205892086029
0.59,0.38554611802101135,0.94,0.3035893738269806
0.585,0.4624932110309601,0.9450000000000001,0.3792873024940491
0.565,0.49693968892097473,0.935,0.4843719005584717
0.575,0.5055179595947266,0.95,0.38685598969459534
0.5700000000000001,0.4213094711303711,0.95,0.40740126371383667
0.5700000000000001,0.6018528938293457,0.95,0.6067794561386108
File: female1_happy_14a_1
0.59,0.6007695198059082,0.9299999999999999,0.31728795170783997
0.58,0.5833030939102173,0.935,0.4492073059082031
0.58,0.4947112798690796,0.935,0.3678514361381531
0.585,0.595686674118042,0.9450000000000001,0.4773966670036316
0.585,0.5715669393539429,0.94,0.4384668171405792
0.5700000000000001,0.39615094661712646,0.9299999999999999,0.41224294900894165
0.59,0.4507405757904053,0.9450000000000001,0.41570553183555603
0.595,0.3762367367744446,0.9450000000000001,0.339202880859375
0.59,0.5093908309936523,0.94,0.3705461621284485
File: female1_happy_15a_1
0.615,0.5717495679855347,0.9650000000000001,0.470971018075943
0.61,0.6515945196151733,0.96,0.3767012059688568
0.59,0.5169035792350769,0.935,0.3400830328464508
0.6,0.47142457962036133,0.9550000000000001,0.4864281415939331
0.6,0.45077165961265564,0.9550000000000001,0.33549466729164124
0.605,0.6169750094413757,0.94,0.510356068611145
0.605,0.5461640357971191,0.95,0.34164613485336304
0.61,0.5762213468551636,0.9550000000000001,0.39864876866340637
0.62,0.5538879632949829,0.9650000000000001,0.39067342877388
0.615,0.4538368582725525,0.96,0.47590187191963196
File: female1_happy_1a_1
0.62,0.521554708480835,0.9650000000000001,0.4790433347225189
0.625,0.5511907339096069,0.97,0.5048568844795227
0.61,0.7392507791519165,0.975,0.2040368914604187
0.615,0.7804207801818848,0.9550000000000001,0.42529115080833435
0.6,0.4571664333343506,0.9550000000000001,0.4285070300102234
0.595,0.6492878198623657,0.9650000000000001,0.5194602608680725
0.615,0.5042612552642822,0.96,0.5332309007644653
0.605,0.5592029094696045,0.9550000000000001,0.6323243975639343
0.605,0.4770650863647461,0.9550000000000001,0.39406684041023254
File: female1_happy_2a_1
0.6,0.5719773769378662,0.95,0.9291539192199707
0.6,0.5973741412162781,0.95,0.550765872001648
0.59,0.570724606513977,0.9450000000000001,0.5618301630020142
0.59,0.6282278299331665,0.94,0.5001800656318665
0.58,0.567072868347168,0.94,0.6060928106307983
0.575,0.48196524381637573,0.95,0.41465574502944946
0.6,0.47564736008644104,0.95,0.4238137900829315
0.6,0.4955228269100189,0.94,0.40171360969543457
0.59,0.4530148506164551,0.94,0.4257132112979889
0.59,0.4706014394760132,0.9199999999999999,0.4339600205421448
File: female1_happy_3a_1
0.565,0.46426162123680115,0.935,0.35295501351356506
0.585,0.48203811049461365,0.935,0.4684979021549225
0.585,0.50480055809021,0.925,0.4708198308944702
0.575,0.5442789793014526,0.94,0.4582167863845825
0.59,0.6419845819473267,0.94,0.2968728840351105
0.585,0.451951801776886,0.935,0.46709123253822327
0.585,0.3837537169456482,0.925,0.33904626965522766
0.5700000000000001,0.2651972770690918,0.94,0.2503204941749573
0.565,0.4284493923187256,0.94,0.40065109729766846
0.565,0.5015560984611511,0.95,0.3876360356807709
File: female1_happy_4a_1
0.605,0.47082141041755676,0.95,0.38250091671943665
0.6,0.5719345808029175,0.9450000000000001,0.4712177813053131
0.595,0.5848519802093506,0.9299999999999999,0.4582577645778656
0.585,0.5194302797317505,0.935,0.4452749192714691
0.595,0.5054843425750732,0.935,0.30221250653266907
0.59,0.47296562790870667,0.94,0.5683345198631287
0.59,0.5795096755027771,0.9450000000000001,0.4856884181499481
0.595,0.6290807723999023,0.9450000000000001,0.4460630714893341
0.595,0.3156450390815735,0.9299999999999999,0.3868968188762665
0.58,0.44084352254867554,0.9299999999999999,0.33307141065597534
0.58,0.326629102230072,0.935,0.4549913704395294
File: female1_happy_5a_1
0.575,0.37788164615631104,0.96,0.3791245222091675
0.61,0.580670952796936,0.95,0.2320210486650467
0.61,0.5419411659240723,0.9550000000000001,0.43090564012527466
0.605,0.3599851429462433,0.95,0.4121600389480591
0.6,0.5500396490097046,0.95,0.4588523805141449
0.6,0.4939029812812805,0.9450000000000001,0.3722439408302307
0.59,0.4653119742870331,0.9550000000000001,0.3836105763912201
0.595,0.4005207121372223,0.9550000000000001,0.5502586364746094
0.59,0.31490641832351685,0.96,0.4554094076156616
File: female1_happy_6a_1
0.61,0.6692756414413452,0.95,0.9557664394378662
0.615,0.7557005882263184,0.935,0.8181775808334351
0.6,0.48279309272766113,0.935,0.49665960669517517
0.595,0.5624406337738037,0.94,0.28240177035331726
0.59,0.5707998275756836,0.94,0.507003664970398
0.605,0.65117347240448,0.935,0.4693640470504761
0.6,0.5442417860031128,0.9299999999999999,0.7530874013900757
0.59,0.38019251823425293,0.9299999999999999,0.3812059164047241
0.59,0.47458240389823914,0.94,0.347807377576828
File: female1_happy_7a_1
0.59,0.6163597106933594,0.935,0.41240841150283813
0.59,0.5126192569732666,0.97,0.5237541198730469
0.62,0.5858989953994751,0.975,0.4343029856681824
0.615,0.5302300453186035,0.96,0.42350372672080994
0.6,0.507468581199646,0.95,0.23423966765403748
0.6,0.510556697845459,0.95,0.3975408375263214
0.59,0.42892909049987793,0.97,0.35240232944488525
0.59,0.3327700197696686,0.9550000000000001,0.4420454204082489
0.585,0.5468413829803467,0.9650000000000001,0.3322959840297699
File: female1_happy_8a_1
0.61,0.5834736824035645,0.95,0.5017720460891724
0.615,0.562792181968689,0.94,0.502616286277771
0.6,0.5058175325393677,0.935,0.45077940821647644
0.6,0.44528403878211975,0.9450000000000001,0.37099388241767883
0.605,0.5392673015594482,0.9450000000000001,0.5143826007843018
0.61,0.46921506524086,0.9450000000000001,0.40984290838241577
0.605,0.4445899426937103,0.9550000000000001,0.25878703594207764
0.615,0.6739098429679871,0.95,0.5737573504447937
0.605,0.4659288823604584,0.95,0.5002233982086182
0.605,0.4299231171607971,0.9450000000000001,0.33450961112976074
0.605,0.41159752011299133,0.95,0.32127901911735535
File: female1_happy_9a_1
0.59,0.4793420433998108,0.95,0.4639454483985901
0.585,0.6525155901908875,0.94,0.4764953553676605
0.575,0.41788774728775024,0.9550000000000001,0.4001041650772095
0.6,0.5407829284667969,0.95,0.41326385736465454
0.595,0.5054498910903931,0.94,0.40725359320640564
0.585,0.5137243270874023,0.94,0.42357775568962097
0.585,0.4698333442211151,0.9650000000000001,0.3816346824169159
0.6,0.5801932215690613,0.9650000000000001,0.43228670954704285
0.605,0.46827730536460876,0.96,0.44238635897636414
0.6,0.5098350644111633,0.49,0.3486510217189789
File: female1_neutral_10a_1
0.505,0.3403403162956238,0.5,0.33922094106674194
0.5,0.5720833539962769,0.5,0.45333176851272583
0.5,0.5616285800933838,0.49,0.5061891674995422
0.51,0.5090382695198059,0.485,0.5454698801040649
0.51,0.4236638844013214,0.5,0.37096190452575684
0.505,0.42927825450897217,0.505,0.5507761240005493
0.5,0.4376995861530304,0.5,0.5033993124961853
0.495,0.42773956060409546,0.495,0.47967854142189026
0.5,0.35836976766586304,0.495,0.2855548560619354
0.52,0.39613077044487,0.5,0.4074190557003021
0.51,0.5007998943328857,0.505,0.4799176752567291
File: female1_neutral_11a_1
0.5,0.3662048280239105,0.505,0.36738961935043335
0.5,0.48681318759918213,0.485,0.3690425455570221
0.505,0.41901516914367676,0.475,0.2150232046842575
0.505,0.5699465274810791,0.48,0.3542850613594055
0.51,0.44252443313598633,0.49,0.3294125497341156
0.515,0.50019371509552,0.49,0.49088054895401
0.505,0.5322808623313904,0.495,0.42604973912239075
0.52,0.4794636070728302,0.5,0.3985799252986908
0.515,0.5604831576347351,0.5,0.5869340896606445
0.515,0.46979665756225586,0.495,0.40699535608291626
File: female1_neutral_12a_1
0.495,0.3236082196235657,0.495,0.44932296872138977
0.5,0.5523101091384888,0.51,0.47001639008522034
0.505,0.48955777287483215,0.51,0.45629504323005676
0.505,0.5058580636978149,0.5,0.40952810645103455
0.495,0.43608200550079346,0.5,0.41952207684516907
0.5,0.3476462662220001,0.49,0.38364630937576294
0.51,0.39031219482421875,0.49,0.4266270399093628
0.52,0.38607311248779297,0.49,0.3684066832065582
0.515,0.40323275327682495,0.515,0.349202424287796
File: female1_neutral_13a_1
0.515,0.4687378406524658,0.52,0.6051653027534485
0.52,0.4806291162967682,0.51,0.44116631150245667
0.51,0.4043516516685486,0.515,0.32039010524749756
0.51,0.4546809792518616,0.505,0.33595535159111023
0.5,0.35560184717178345,0.515,0.40171995759010315
0.5,0.4357226490974426,0.515,0.43459662795066833
0.5,0.4789806008338928,0.51,0.4627922475337982
File: female1_neutral_14a_1
0.5,0.6158953309059143,0.505,0.4171014726161957
0.505,0.557422399520874,0.505,0.35131922364234924
0.5,0.551734447479248,0.515,0.46577128767967224
0.515,0.5189224481582642,0.5,0.41432926058769226
0.5,0.415353000164032,0.52,0.4140189588069916
0.515,0.5093797445297241,0.515,0.40291520953178406
0.51,0.36232396960258484,0.515,0.430687814950943
0.51,0.44964930415153503,0.5,0.29468482732772827
File: female1_neutral_15a_1
0.495,0.4014972448348999,0.5,0.340558260679245
0.5,0.4388769268989563,0.505,0.5634648203849792
0.495,0.3986854553222656,0.515,0.4510664641857147
0.51,0.42472732067108154,0.51,0.42929694056510925
0.51,0.4244411885738373,0.5,0.46479472517967224
0.505,0.5085719227790833,0.485,0.4361114799976349
0.51,0.3565469980239868,0.48,0.35817429423332214
0.515,0.4328109622001648,0.51,0.44818973541259766
0.51,0.6525523662567139,0.51,0.38417261838912964
0.495,0.38299795985221863,0.495,0.4692077338695526
File: female1_neutral_1a_1
0.515,0.38312584161758423,0.5,0.35209497809410095
0.51,0.495641827583313,0.5,0.54361891746521
0.49,0.4689450263977051,0.495,0.4331868290901184
0.485,0.5493718385696411,0.495,0.5041036605834961
0.485,0.49275535345077515,0.5,0.4060671627521515
0.505,0.5513442754745483,0.51,0.45658692717552185
0.51,0.4745302200317383,0.5,0.6048451066017151
0.505,0.49458858370780945,0.5,0.6088712215423584
0.505,0.3613239526748657,0.505,0.4103485643863678
File: female1_neutral_2a_1
0.51,0.5352475643157959,nan,0.778868556022644
0.515,0.5015077590942383,0.51,0.46871089935302734
0.515,0.540449321269989,0.51,0.5750160217285156
0.505,0.5290821194648743,0.51,0.49604687094688416
0.505,0.5321636199951172,0.5,0.6257833242416382
0.495,0.618963897228241,0.5,0.4278881847858429
0.505,0.36626753211021423,0.515,0.3796160817146301
0.515,0.5350008010864258,0.505,0.4854910373687744
0.51,0.46458134055137634,0.505,0.4973748028278351
0.5,0.37806230783462524,0.495,0.39062437415122986
File: female1_neutral_3a_1
0.5,0.27166804671287537,0.5,0.3093550503253937
0.515,0.3133533000946045,0.505,0.3197591006755829
0.515,0.4260460138320923,0.505,0.36935219168663025
0.51,0.2915216088294983,0.5,0.2958119213581085
0.5,0.5327096581459045,0.49,0.4346403181552887
0.52,0.4917844235897064,0.495,0.3923620879650116
0.515,0.5785549879074097,0.505,0.6537700891494751
0.505,0.5102229118347168,0.515,0.4913802444934845
0.51,0.4501430094242096,0.515,0.38602304458618164
0.51,0.282133013010025,0.515,0.3215227425098419
File: female1_neutral_4a_1
0.515,0.5060928463935852,0.515,0.4978652894496918
0.52,0.4919463098049164,0.52,0.4620587229728699
0.505,0.4469147026538849,0.515,0.41983285546302795
0.5,0.5548368692398071,0.51,0.41118213534355164
0.51,0.5421509742736816,0.51,0.3651939630508423
0.51,0.3738911747932434,0.51,0.38966497778892517
0.5,0.4795336127281189,0.515,0.4080668091773987
0.505,0.5377892255783081,0.505,0.42971572279930115
0.495,0.2429657280445099,0.5,0.3798466920852661
0.5,0.4039190411567688,0.5,0.36256545782089233
0.5,0.34195172786712646,0.5,0.44371742010116577
File: female1_neutral_5a_1
0.505,0.2858748435974121,0.52,0.2567581534385681
0.52,0.37630122900009155,0.52,0.32557412981987
0.515,0.4326886534690857,0.525,0.33603134751319885
0.515,0.3377639353275299,0.525,0.3757895827293396
0.51,0.37594616413116455,0.5,0.4366493225097656
0.5,0.5340445041656494,0.495,0.4658498764038086
0.52,0.45822685956954956,0.495,0.40867921710014343
0.515,0.42249375581741333,0.5,0.3900972008705139
0.515,0.45981913805007935,0.515,0.45924100279808044
File: female1_neutral_6a_1
0.52,0.6281816959381104,0.51,0.6062744855880737
0.52,0.5222340822219849,0.5,0.6196053624153137
0.51,0.5021774172782898,0.495,0.5493825674057007
0.505,0.533145546913147,0.495,0.37041622400283813
0.495,0.45258790254592896,0.49,0.3973681628704071
0.52,0.4508424401283264,0.485,0.4147408604621887
0.52,0.5663601160049438,0.48,0.7225197553634644
0.52,0.3959835171699524,0.48,0.4801500141620636
0.515,0.44204336404800415,0.5,0.32744958996772766
File: female1_neutral_7a_1
0.495,0.48429542779922485,0.51,0.44451966881752014
0.5,0.560404896736145,0.515,0.4659811556339264
0.515,0.4784504473209381,0.515,0.3418990671634674
0.515,0.37606048583984375,0.525,0.3242564797401428
0.505,0.4462571144104004,0.5,0.453340619802475
0.5,0.4282645881175995,0.52,0.3671741187572479
0.515,0.48519033193588257,0.515,0.5264422297477722
0.515,0.2822783589363098,0.495,0.39719051122665405
File: female1_neutral_8a_1
0.505,0.4738151431083679,0.505,0.41538006067276
0.51,0.5790475606918335,0.505,0.5368368029594421
0.51,0.47734642028808594,0.49,0.49434608221054077
0.5,0.4172903001308441,0.49,0.36364659667015076
0.505,0.4902247190475464,0.505,0.5627217292785645
0.495,0.4329255223274231,0.5,0.3703535199165344
0.49,0.38658982515335083,0.48,0.3352755010128021
0.5,0.47759920358657837,0.475,0.6368222236633301
0.505,0.43023666739463806,0.475,0.44023993611335754
0.5,0.436990886926651,0.485,0.3239554166793823
0.5,0.39124423265457153,0.5,0.3991590440273285
File: female1_neutral_9a_1
0.505,0.5893696546554565,0.495,0.45526963472366333
0.5,0.5897747874259949,0.515,0.6850695610046387
0.515,0.4300731420516968,0.52,0.480119526386261
0.515,0.4969733953475952,0.515,0.41698965430259705
0.51,0.38292527198791504,0.5,0.3692704737186432
0.495,0.42908114194869995,0.5,0.46962207555770874
0.51,0.3853744864463806,0.485,0.3579038679599762
0.5,0.43446624279022217,0.485,0.5332381129264832
0.5,0.4963831901550293,0.065,0.3950948417186737
File: female1_sad_10a_1
0.265,0.4325564503669739,0.07,0.33033275604248047
0.26,0.5964963436126709,0.07,0.5910377502441406
0.25,0.3441494107246399,0.05499999999999999,0.3512822687625885
0.27,0.5290772914886475,0.04999999999999999,0.34894508123397827
0.26,0.3866497874259949,0.04999999999999999,0.40823858976364136
0.245,0.40238097310066223,0.07,0.33720913529396057
0.26,0.3746564984321594,0.06,0.49569186568260193
0.27,0.3583749234676361,0.04999999999999999,0.3803829848766327
0.27,0.3335440158843994,0.044999999999999984,0.37909114360809326
0.27,0.2599821388721466,0.05499999999999999,0.3543757200241089
0.28,0.36287933588027954,0.05499999999999999,0.42765799164772034
0.28500000000000003,0.4415425956249237,0.06,0.4993651509284973
0.28500000000000003,0.31017374992370605,0.04999999999999999,0.4714384377002716
File: female1_sad_11a_1
0.24,0.5139461159706116,0.06,0.4669688642024994
0.22999999999999998,0.4768410325050354,0.03999999999999998,0.38262930512428284
0.26,0.3634500205516815,0.044999999999999984,0.19715279340744019
0.265,0.45847970247268677,0.06,0.36811068654060364
0.255,0.495425283908844,0.06,0.34313514828681946
0.26,0.35561227798461914,0.04999999999999999,0.41392144560813904
0.25,0.37597569823265076,0.034999999999999976,0.5056807994842529
0.24,0.4105159044265747,0.034999999999999976,0.5453607439994812
0.235,0.35424280166625977,0.03999999999999998,0.38605931401252747
0.235,0.5039036273956299,0.06,0.371616393327713
File: female1_sad_12a_1
0.25,0.2821628749370575,0.065,0.37382033467292786
0.24,0.6052234172821045,0.044999999999999984,0.4485445022583008
0.27,0.3626078963279724,0.04999999999999999,0.42655304074287415
0.27,0.4073418378829956,0.04999999999999999,0.4354739189147949
0.27,0.3118633031845093,0.065,0.3252010941505432
0.25,0.4196373224258423,0.05499999999999999,0.43800291419029236
0.245,0.37352269887924194,0.034999999999999976,0.5101706981658936
0.235,0.312042772769928,0.03999999999999998,0.38946905732154846
0.22999999999999998,0.23193375766277313,0.034999999999999976,0.3195812404155731
0.22999999999999998,0.4907728135585785,0.04999999999999999,0.34591424465179443
File: female1_sad_13a_1
0.27,0.4413108229637146,0.06,0.4486429691314697
0.265,0.37345045804977417,0.05499999999999999,0.47440019249916077
0.275,0.4794044494628906,0.04999999999999999,0.3300105035305023
0.26,0.4854137897491455,0.04999999999999999,0.4489761292934418
0.25,0.3198067843914032,0.05499999999999999,0.27457794547080994
0.24,0.2642585337162018,0.03999999999999998,0.3919188976287842
0.255,0.2521399259567261,0.034999999999999976,0.34607288241386414
0.245,0.23465125262737274,0.034999999999999976,0.37553322315216064
0.235,0.39665618538856506,0.065,0.4186037480831146
File: female1_sad_14a_1
0.24,0.47868433594703674,0.06,0.3066599369049072
0.27,0.4774262011051178,0.04999999999999999,0.41488009691238403
0.27,0.4738677740097046,0.06,0.45374318957328796
0.265,0.3804391622543335,0.044999999999999984,0.321084588766098
0.255,0.4178692102432251,0.04999999999999999,0.5761299133300781
0.25,0.22012856602668762,0.044999999999999984,0.34296002984046936
0.235,0.27808332443237305,0.030000000000000027,0.3808612525463104
0.24,0.3052624762058258,0.034999999999999976,0.3172343075275421
0.22999999999999998,0.3089672327041626,0.06,0.4092552363872528
File: female1_sad_15a_1
0.26,0.32286959886550903,0.05499999999999999,0.38405880331993103
0.26,0.3882756233215332,0.065,0.5562429428100586
0.24,0.30010348558425903,0.06,0.3773413598537445
0.275,0.32304173707962036,0.04999999999999999,0.31442299485206604
0.275,0.3821219801902771,0.04999999999999999,0.4792822301387787
0.265,0.4086756110191345,0.065,0.45390233397483826
0.255,0.46079331636428833,0.07,0.3756006360054016
0.27,0.3712750971317291,0.07,0.34229111671447754
0.26,0.26667723059654236,0.05499999999999999,0.41045334935188293
0.245,0.4676525592803955,0.04999999999999999,0.4558214843273163
0.24,0.2906808853149414,0.03999999999999998,0.3505997955799103
File: female1_sad_1a_1
0.29000000000000004,0.3903171420097351,0.030000000000000027,0.289385586977005
0.29000000000000004,0.4694631099700928,0.034999999999999976,0.47352445125579834
0.28,0.32960236072540283,0.03999999999999998,0.2895538806915283
0.28500000000000003,0.5052651762962341,0.03999999999999998,0.5117464065551758
0.28,0.438841313123703,0.05499999999999999,0.4018074870109558
0.28,0.5446741580963135,0.04999999999999999,0.5657604932785034
0.275,0.42222538590431213,0.06,0.5547486543655396
0.265,0.5074602365493774,0.06,0.5282765626907349
0.255,0.3036283850669861,0.07500000000000001,0.4563652276992798
File: female1_sad_2a_1
0.27,0.46057820320129395,0.07,0.8050920963287354
0.26,0.4533938765525818,0.07,0.4484888017177582
0.25,0.5217928886413574,0.06,0.5090213418006897
0.245,0.40170061588287354,0.06,0.4695008099079132
0.245,0.37451037764549255,0.07,0.3992704451084137
0.24,0.4541722536087036,0.065,0.5775889158248901
0.235,0.39529335498809814,0.06,0.6758098006248474
0.245,0.27378976345062256,0.065,0.37689512968063354
0.245,0.41195589303970337,0.065,0.5861859321594238
0.235,0.3870486617088318,0.06,0.5438599586486816
File: female1_sad_3a_1
0.25,0.47516241669654846,0.044999999999999984,0.37094542384147644
0.27,0.389428049325943,0.03999999999999998,0.42093995213508606
0.265,0.4694318473339081,0.04999999999999999,0.42538386583328247
0.265,0.5280853509902954,0.04999999999999999,0.36110690236091614
0.25,0.30084919929504395,0.04999999999999999,0.4173692762851715
0.25,0.5253490209579468,0.030000000000000027,0.36845752596855164
0.255,0.4102899730205536,0.034999999999999976,0.4532078802585602
0.24,0.4386483132839203,0.04999999999999999,0.4505533277988434
0.235,0.3967064619064331,0.04999999999999999,0.5040310025215149
0.235,0.22368569672107697,0.03999999999999998,0.24670283496379852
0.245,0.38115453720092773,0.04999999999999999,0.4595853388309479
0.245,0.48067140579223633,0.08500000000000002,0.4035133421421051
File: female1_sad_4a_1
0.28500000000000003,0.45681220293045044,0.07500000000000001,0.31826525926589966
0.27,0.574750542640686,0.08000000000000002,0.4865734577178955
0.27,0.4639207720756531,0.08500000000000002,0.34635046124458313
0.28,0.576023519039154,0.08000000000000002,0.5289884805679321
0.265,0.45941194891929626,0.08000000000000002,0.4054584801197052
0.26,0.4034005403518677,0.07500000000000001,0.4459587335586548
0.255,0.48513174057006836,0.07500000000000001,0.39514830708503723
0.25,0.42442530393600464,0.07500000000000001,0.45948466658592224
0.265,0.4732869863510132,0.08500000000000002,0.4780745804309845
0.255,0.09964777529239655,0.08500000000000002,0.3208654820919037
0.25,0.2986111044883728,0.08500000000000002,0.37824195623397827
0.245,0.32386329770088196,0.06,0.40973538160324097
File: female1_sad_5a_1
0.25,0.40155094861984253,0.04999999999999999,0.4256313741207123
0.265,0.41800376772880554,0.04999999999999999,0.35611093044281006
0.255,0.42570143938064575,0.06,0.2847260534763336
0.265,0.35752615332603455,0.065,0.40538668632507324
0.25,0.32718563079833984,0.065,0.383918434381485
0.245,0.31639087200164795,0.06,0.2570268511772156
0.24,0.33987706899642944,0.06,0.40911349654197693
0.24,0.32641276717185974,0.044999999999999984,0.29100391268730164
0.22999999999999998,0.36633652448654175,0.03999999999999998,0.5728480815887451
0.22999999999999998,0.20665711164474487,0.07500000000000001,0.4505791962146759
File: female1_sad_6a_1
0.26,0.6036709547042847,0.08000000000000002,0.7025628685951233
0.25,0.4760691523551941,0.08000000000000002,0.4547872245311737
0.25,0.4377989172935486,0.07,0.37187477946281433
0.245,0.3999300003051758,0.07,0.4532705843448639
0.24,0.44448521733283997,0.07500000000000001,0.38425129652023315
0.24,0.43262964487075806,0.07500000000000001,0.410080224275589
0.22999999999999998,0.4877891540527344,0.065,0.5019623637199402
0.22499999999999998,0.535892128944397,0.06,0.47743216156959534
0.235,0.44250041246414185,0.06,0.49709364771842957
0.22499999999999998,0.5793524980545044,0.06,0.4189815819263458
0.22499999999999998,0.43811216950416565,0.044999999999999984,0.3665817081928253
File: female1_sad_7a_1
0.22499999999999998,0.3134251534938812,0.03999999999999998,0.3157687485218048
0.21500000000000002,0.5069800019264221,0.04999999999999999,0.5265944004058838
0.21500000000000002,0.38086575269699097,0.04999999999999999,0.4001719653606415
0.21000000000000002,0.31845423579216003,0.07,0.36546191573143005
0.255,0.36737290024757385,0.065,0.3787344992160797
0.26,0.4385022521018982,0.06,0.28288552165031433
0.24,0.3938504457473755,0.06,0.3677808940410614
0.235,0.22931668162345886,0.04999999999999999,0.32030990719795227
0.25,0.35780298709869385,0.04999999999999999,0.4241344630718231
0.24,0.6075695753097534,0.04999999999999999,0.677093505859375
0.24,0.2600901126861572,0.07,0.3818912208080292
File: female1_sad_8a_1
0.25,0.3619403541088104,0.065,0.2298271805047989
0.25,0.2879124879837036,0.065,0.32946422696113586
0.24,0.5149058103561401,0.07,0.4792817533016205
0.235,0.46277374029159546,0.05499999999999999,0.5991519689559937
0.24,0.4606497883796692,0.05499999999999999,0.3544521629810333
0.24,0.48419827222824097,0.065,0.5570120215415955
0.22999999999999998,0.4060138165950775,0.065,0.3856479227542877
0.22999999999999998,0.39732927083969116,0.06,0.37367889285087585
0.24,0.4124690890312195,0.06,0.5697227120399475
0.22999999999999998,0.37530913949012756,0.05499999999999999,0.46450430154800415
0.22499999999999998,0.4057643711566925,0.05499999999999999,0.30988791584968567
0.22499999999999998,0.3532273769378662,0.08000000000000002,0.3024158775806427
File: female1_sad_9a_1
0.26,0.3656958341598511,0.07,0.31448015570640564
0.25,0.3413284122943878,0.08000000000000002,0.33350667357444763
0.27,0.4931558072566986,0.08000000000000002,0.6688297390937805
0.27,0.5647661685943604,0.07,0.4038126766681671
0.25,0.29068976640701294,0.07500000000000001,0.36416974663734436
0.255,0.6062602400779724,0.08000000000000002,0.42656031250953674
0.265,0.44850820302963257,0.08000000000000002,0.4622454047203064
0.26,0.360726922750473,0.07500000000000001,0.5259912014007568
0.26,0.3982570469379425,nan,0.4625934660434723
