True arousal,Predicted arousal,True valence,Predicted valence
File: male2_angry_10a_1
0.87,0.6046508550643921,0.21999999999999997,0.265239417552948
0.88,0.7334224581718445,0.22499999999999998,0.6256643533706665
0.905,0.6648058891296387,0.2,0.510693371295929
0.915,0.5862156748771667,0.19,0.5770153999328613
0.9,0.6165561079978943,0.19,0.4160175621509552
0.88,0.7469837665557861,0.22499999999999998,0.6717947125434875
0.89,0.6932568550109863,0.21500000000000002,0.38644006848335266
0.895,0.5863551497459412,0.21500000000000002,0.3420737087726593
0.895,0.6776437759399414,0.21000000000000002,0.45489585399627686
0.89,0.5662844181060791,0.19,0.4259324073791504
0.89,0.5632944107055664,0.185,0.7327203750610352
File: male2_angry_11a_1
0.89,0.652306079864502,0.21999999999999997,0.5153232216835022
0.9,0.631938099861145,0.21000000000000002,0.439551442861557
0.9199999999999999,0.6663248538970947,0.185,0.35426023602485657
0.915,0.573951244354248,0.19,0.42946794629096985
0.9099999999999999,0.620823085308075,0.19,0.4699990749359131
0.915,0.651461124420166,0.21000000000000002,0.45376452803611755
0.905,0.6032989621162415,0.20500000000000002,0.5167882442474365
0.9,0.5987253189086914,0.20500000000000002,0.4113934338092804
File: male2_angry_12a_1
0.9,0.6067750453948975,0.21500000000000002,0.5206890106201172
0.895,0.683692455291748,0.21000000000000002,0.4243521988391876
0.905,0.6319977641105652,0.21000000000000002,0.5080414414405823
0.89,0.6803677678108215,0.20500000000000002,0.6407220363616943
0.885,0.5365501642227173,0.22499999999999998,0.5532960295677185
0.905,0.6744046211242676,0.21999999999999997,0.6238995790481567
0.9199999999999999,0.6333092451095581,0.20500000000000002,0.48744091391563416
0.9199999999999999,0.528282642364502,0.21000000000000002,0.535522997379303
0.915,0.5563688278198242,0.21500000000000002,0.419241338968277
File: male2_angry_13a_1
0.905,0.7193194627761841,0.21999999999999997,0.9654706716537476
0.9,0.4988860487937927,0.22499999999999998,0.48380863666534424
0.895,0.6228982210159302,0.2,0.4579876959323883
0.9,0.6676268577575684,0.195,0.39465218782424927
0.885,0.56573086977005,0.2,0.4849601984024048
0.9199999999999999,0.510486364364624,0.18,0.3640117943286896
0.915,0.6406841278076172,0.175,0.4373187720775604
0.9099999999999999,0.5531311631202698,0.18,0.3694149851799011
File: male2_angry_14a_1
0.89,0.7320609092712402,0.21000000000000002,0.4925471842288971
0.88,0.7807060480117798,0.21500000000000002,0.3700157701969147
0.875,0.4948693513870239,0.21500000000000002,0.4091421663761139
0.89,0.6594761610031128,0.20500000000000002,0.8175084590911865
0.89,0.6738485097885132,0.2,0.4300442039966583
0.905,0.5706925988197327,0.18,0.41364210844039917
0.9,0.7315009236335754,0.175,0.4436340034008026
0.9,0.5292205810546875,0.18,0.47047409415245056
File: male2_angry_15a_1
0.9099999999999999,0.5438390970230103,0.21000000000000002,0.43377485871315
0.89,0.6918357014656067,0.21500000000000002,0.6331844925880432
0.88,0.6937928199768066,0.21999999999999997,0.473587304353714
0.905,0.6185095906257629,0.21000000000000002,0.4141739308834076
0.9,0.6544756293296814,0.20500000000000002,0.5990678071975708
0.885,0.5212565660476685,0.22499999999999998,0.539894163608551
0.895,0.6896214485168457,0.21500000000000002,0.702663779258728
0.895,0.6605769991874695,0.20500000000000002,0.41831666231155396
0.9099999999999999,0.5136206746101379,0.19,0.42620256543159485
0.9,0.6105560064315796,0.185,0.45595765113830566
File: male2_angry_1a_1
0.905,0.6345826983451843,0.21500000000000002,0.32492953538894653
0.9,0.6073082685470581,0.22499999999999998,0.39568963646888733
0.895,0.6820778846740723,0.22499999999999998,0.5572971105575562
0.9099999999999999,0.5252848863601685,0.21000000000000002,0.461971640586853
0.885,0.6029430627822876,0.22499999999999998,0.545307993888855
0.895,0.7125697135925293,0.21500000000000002,0.6199144124984741
0.885,0.6201822757720947,0.21999999999999997,0.8050872087478638
0.885,0.41383981704711914,0.21999999999999997,0.4960905611515045
File: male2_angry_2a_1
0.895,0.549947202205658,0.21500000000000002,0.872194766998291
0.885,0.4829092025756836,0.21999999999999997,0.5047507286071777
0.9,0.5375047922134399,0.21000000000000002,0.542304515838623
0.89,0.747295618057251,0.21500000000000002,0.5061368346214294
0.88,0.5711090564727783,0.22499999999999998,0.48838141560554504
0.88,0.4383976459503174,0.22499999999999998,0.5233931541442871
0.9099999999999999,0.5473618507385254,0.20500000000000002,0.5010342001914978
0.9,0.662490963935852,0.2,0.4844563603401184
0.9,0.46640440821647644,0.20500000000000002,0.4820539057254791
File: male2_angry_3a_1
0.88,0.5442914366722107,0.21999999999999997,0.5313029885292053
0.9,0.5561601519584656,0.21000000000000002,0.36671873927116394
0.9,0.5806508660316467,0.195,0.40880677103996277
0.885,0.5684390068054199,0.78,0.45724162459373474
0.895,0.5980024337768555,0.20500000000000002,0.3858729898929596
0.9,0.5736035704612732,0.2,0.48088473081588745
0.9,0.5526360273361206,0.2,0.4477274715900421
0.88,0.7126051187515259,0.21500000000000002,0.173544242978096
0.895,0.5094290375709534,0.20500000000000002,0.4001064598560333
0.89,0.680251955986023,0.20500000000000002,0.3260709047317505
File: male2_angry_4a_1
0.9,0.5845193862915039,0.20500000000000002,0.44686558842658997
0.89,0.7149398326873779,0.21500000000000002,0.710085391998291
0.88,0.5360227823257446,0.21500000000000002,0.5572046041488647
0.88,0.5726248025894165,0.21999999999999997,0.48079654574394226
0.895,0.5412097573280334,0.21000000000000002,0.34651169180870056
0.89,0.640706479549408,0.21000000000000002,0.6161996126174927
0.89,0.7535548210144043,0.21500000000000002,0.6603778600692749
0.895,0.6697406768798828,0.20500000000000002,0.43441346287727356
0.885,0.5355086922645569,0.21500000000000002,0.5554851293563843
0.88,0.4643663465976715,0.21999999999999997,0.4925071895122528
0.88,0.41152676939964294,0.21999999999999997,0.3893187344074249
File: male2_angry_5a_1
0.885,0.5336992740631104,0.21500000000000002,0.5462828278541565
0.905,0.701624870300293,0.21000000000000002,0.3331431448459625
0.9,0.663638710975647,0.2,0.325052946805954
0.9199999999999999,0.5002652406692505,0.195,0.375567227602005
0.915,0.6674398183822632,0.19,0.47658437490463257
0.9099999999999999,0.5975812673568726,0.2,0.6666443943977356
0.89,0.5119485855102539,0.21000000000000002,0.44740208983421326
0.9,0.6533859968185425,0.19,0.6872392892837524
0.9,0.4672648310661316,0.2,0.4855198562145233
0.895,0.39317166805267334,0.2,0.4175736606121063
File: male2_angry_6a_1
0.9,0.7391214370727539,0.20500000000000002,0.32095879316329956
0.9,0.48556727170944214,0.2,0.38027265667915344
0.9099999999999999,0.7493654489517212,0.21000000000000002,0.5305782556533813
0.9,0.6175283193588257,0.21000000000000002,0.4244367778301239
0.885,0.6719896793365479,0.21999999999999997,0.5110339522361755
0.895,0.6075592041015625,0.2,0.39328309893608093
0.9,0.6736885905265808,0.19,0.6083248257637024
0.89,0.47254130244255066,0.19,0.4120733439922333
0.89,0.3006588816642761,0.2,0.3748385012149811
File: male2_angry_7a_1
0.89,0.5624903440475464,0.2,0.5739141702651978
0.89,0.5596308708190918,0.20500000000000002,0.4879247546195984
0.885,0.5270946621894836,0.21000000000000002,0.4163181781768799
0.885,0.503972053527832,0.21000000000000002,0.4640209674835205
0.915,0.6920908093452454,0.21500000000000002,0.5933622121810913
0.9099999999999999,0.6006431579589844,0.20500000000000002,0.46342113614082336
0.9,0.79783034324646,0.20500000000000002,0.41724738478660583
0.9,0.4645824432373047,0.20500000000000002,0.3666018545627594
File: male2_angry_8a_1
0.905,0.577660322189331,0.21000000000000002,0.5281842947006226
0.9,0.6509255766868591,0.20500000000000002,0.620707094669342
0.895,0.5668593645095825,0.21000000000000002,0.5449168682098389
0.895,0.5580640435218811,0.21000000000000002,0.4775082767009735
0.89,0.5340439677238464,0.20500000000000002,0.4259670674800873
0.88,0.7106524705886841,0.2,0.4331105649471283
0.905,0.5667448043823242,0.19,0.6141869425773621
0.9099999999999999,0.6667011380195618,0.18,0.5757725238800049
0.9099999999999999,0.6239238977432251,0.18,0.5488138198852539
0.9,0.5799815058708191,0.185,0.4046289026737213
0.9,0.5997819900512695,0.19,0.47436484694480896
File: male2_angry_9a_1
0.905,0.7520105242729187,0.21000000000000002,0.7751095294952393
0.895,0.7219568490982056,0.21500000000000002,0.6860138773918152
0.885,0.5694448947906494,0.21500000000000002,0.41307565569877625
0.9,0.573509931564331,0.20500000000000002,0.4507337510585785
0.89,0.48012205958366394,0.2,0.33231350779533386
0.905,0.6198086738586426,0.21000000000000002,0.5143203735351562
0.9,0.5714545249938965,0.21000000000000002,0.42083626985549927
0.9,0.6992627382278442,0.2,0.19669045507907867
0.9,0.5198379755020142,0.2,0.4182349741458893
0.895,0.5819467306137085,0.2,0.4353989064693451
File: male2_anxious_10a_1
0.94,0.4348440170288086,0.45,0.2865034341812134
0.935,0.5335497260093689,0.45,0.6049771308898926
0.935,0.4489237666130066,0.435,0.4897112250328064
0.9299999999999999,0.5578746199607849,0.43,0.6612779498100281
0.9299999999999999,0.45417430996894836,0.44,0.4278643727302551
0.915,0.6108108162879944,0.45,0.6921206712722778
0.9199999999999999,0.3527843952178955,0.445,0.4545004665851593
0.9199999999999999,0.3835531771183014,0.44,0.31401893496513367
0.94,0.6204361319541931,0.43,0.5463156700134277
0.9450000000000001,0.4518638849258423,0.435,0.42348214983940125
File: male2_anxious_11a_1
0.925,0.5187249183654785,0.445,0.3234739601612091
0.9299999999999999,0.4781905710697174,0.44,0.43986043334007263
0.935,0.6135144829750061,0.45,0.49770864844322205
0.94,0.4225252866744995,0.44,0.4794881045818329
0.925,0.6449610590934753,0.445,0.744976282119751
0.94,0.5656558275222778,0.45,0.5076752305030823
0.95,0.3016711175441742,0.455,0.4593442380428314
0.95,0.4924001097679138,0.445,0.4383414685726166
0.9450000000000001,0.448742538690567,0.45,0.49473482370376587
File: male2_anxious_12a_1
0.9299999999999999,0.5419470071792603,0.45,0.5913515090942383
0.925,0.38660377264022827,0.455,0.4169400632381439
0.935,0.49200430512428284,0.44,0.31647172570228577
0.925,0.5885640978813171,0.45,0.4779742360115051
0.9450000000000001,0.583330512046814,0.445,0.462520033121109
0.95,0.5169168710708618,0.445,0.47403642535209656
0.935,0.5002056360244751,0.435,0.5349322557449341
0.94,0.3468748927116394,0.43,0.36884841322898865
File: male2_anxious_13a_1
0.9450000000000001,0.4706716239452362,0.435,0.3875398337841034
0.94,0.6024924516677856,0.435,0.42487141489982605
0.95,0.45771345496177673,0.425,0.5285164713859558
0.9550000000000001,0.6179413795471191,0.42,0.4633559584617615
0.96,0.259398490190506,0.42,0.34610939025878906
File: male2_anxious_14a_1
0.9299999999999999,0.36005282402038574,0.44,0.5032511353492737
0.925,0.2994542419910431,0.445,0.43425557017326355
0.95,0.3470478057861328,0.42,0.4105375111103058
0.95,0.34920233488082886,0.425,0.40980497002601624
0.9450000000000001,0.37431105971336365,0.42,0.4180600345134735
0.94,0.5262306928634644,0.415,0.49714937806129456
0.9450000000000001,0.4818454384803772,0.43,0.623443603515625
0.9299999999999999,0.5091995596885681,0.425,0.41627201437950134
0.9299999999999999,0.4499739408493042,0.435,0.4346561133861542
0.94,0.4708912968635559,0.435,0.3948456943035126
0.94,0.4991937279701233,0.435,0.5254931449890137
0.935,0.4841512441635132,0.445,0.5132794976234436
0.9299999999999999,0.37030288577079773,0.445,0.39672431349754333
0.9299999999999999,0.5897169709205627,0.445,0.44883403182029724
File: male2_anxious_15a_1
0.9299999999999999,0.4732990860939026,0.435,0.5753011703491211
0.9299999999999999,0.5634326934814453,0.43,0.39196017384529114
0.94,0.4643663167953491,0.43,0.3379848301410675
0.9450000000000001,0.6362861394882202,0.42,0.6818414926528931
0.94,0.5205316543579102,0.42,0.5135776996612549
0.9299999999999999,0.4705694317817688,0.435,0.5258183479309082
0.935,0.3957214951515198,0.42,0.578216016292572
0.9299999999999999,0.5330797433853149,0.44,0.41559332609176636
0.9299999999999999,0.37193769216537476,0.445,0.4736192524433136
0.94,0.3764016032218933,0.42,0.471841961145401
0.9450000000000001,0.459290087223053,0.425,0.4300701320171356
0.94,0.26806411147117615,0.435,0.4210187494754791
0.9299999999999999,0.5090349912643433,0.43,0.38472461700439453
File: male2_anxious_1a_1
0.9450000000000001,0.4823739230632782,0.435,0.5415942668914795
0.935,0.4349619150161743,0.44,0.5200631618499756
0.94,0.5224864482879639,0.43,0.6273006796836853
0.9299999999999999,0.35885894298553467,0.43,0.3761223256587982
0.9299999999999999,0.3973802328109741,0.45,0.38303741812705994
0.9450000000000001,0.29094022512435913,0.425,0.5419166088104248
0.94,0.5997471809387207,0.435,0.7815356850624084
0.94,0.5374361276626587,0.43,0.37522628903388977
File: male2_anxious_2a_1
0.94,0.5879373550415039,0.435,0.818371057510376
0.9299999999999999,0.5108395218849182,0.445,0.5504071712493896
0.9299999999999999,0.4473804831504822,0.445,0.6177116632461548
0.935,0.49977147579193115,0.44,0.5029558539390564
0.925,0.5489869117736816,0.445,0.541562557220459
0.9299999999999999,0.3897298574447632,0.45,0.5590229034423828
0.94,0.4255669414997101,0.435,0.505423903465271
0.9450000000000001,0.4897463917732239,0.43,0.4190616309642792
0.9450000000000001,0.5248790383338928,0.43,0.40919333696365356
File: male2_anxious_3a_1
0.925,0.32970839738845825,0.45,0.39965659379959106
0.9450000000000001,0.5493384599685669,0.43,0.71961510181427
0.9450000000000001,0.36324524879455566,0.425,0.35458090901374817
0.935,0.47473299503326416,0.445,0.40764319896698
0.94,0.43994611501693726,0.44,0.4476540982723236
0.94,0.42900097370147705,0.435,0.3784903585910797
0.9299999999999999,0.3878607749938965,0.45,0.39484378695487976
0.9299999999999999,0.4484928548336029,0.435,0.6757382154464722
0.935,0.39472079277038574,0.43,0.3548392057418823
File: male2_anxious_4a_1
0.9450000000000001,0.5888662338256836,0.45,0.44985318183898926
0.935,0.5140436887741089,0.44,0.6731845140457153
0.9299999999999999,0.4957296848297119,0.435,0.703639805316925
0.9299999999999999,0.46685516834259033,0.435,0.4723527133464813
0.9450000000000001,0.5957717895507812,0.445,0.2957536280155182
0.95,0.4400148391723633,0.45,0.20758460462093353
0.95,0.6060792207717896,0.44,0.4522674083709717
0.9450000000000001,0.42567700147628784,0.45,0.48125359416007996
0.935,0.3315356373786926,0.455,0.4086768925189972
0.94,0.191579669713974,0.46,0.40161770582199097
0.94,0.27907049655914307,0.46,0.3285682499408722
File: male2_anxious_5a_1
0.9299999999999999,0.32809823751449585,0.45,0.37876906991004944
0.94,0.5712457299232483,0.425,0.43253645300865173
0.9450000000000001,0.4924440383911133,0.43,0.3645438849925995
0.9450000000000001,0.41074156761169434,0.43,0.3934793770313263
0.94,0.48036259412765503,0.43,0.4465940296649933
0.94,0.47005218267440796,0.44,0.5764716863632202
0.935,0.4030306339263916,0.45,0.40417855978012085
0.95,0.41009944677352905,0.43,0.38198956847190857
0.9550000000000001,0.5587149858474731,0.43,0.4405820667743683
File: male2_anxious_6a_1
0.95,0.6379093527793884,0.435,0.5679144263267517
0.94,0.42607367038726807,0.44,0.46582919359207153
0.9299999999999999,0.33133745193481445,0.44,0.357814222574234
0.9299999999999999,0.40313756465911865,0.45,0.4778037965297699
0.935,0.4638868570327759,0.425,0.4078112840652466
0.9450000000000001,0.39963534474372864,0.43,0.32373401522636414
0.95,0.476235032081604,0.425,0.37136563658714294
0.9450000000000001,0.487288236618042,0.425,0.33289584517478943
File: male2_anxious_7a_1
0.95,0.49695444107055664,0.425,0.5523310303688049
0.94,0.5940920114517212,0.425,0.4426649212837219
0.9450000000000001,0.4115890562534332,0.42,0.4391336739063263
0.9450000000000001,0.4016828238964081,0.43,0.3220284879207611
0.9299999999999999,0.3673384189605713,0.44,0.48016008734703064
0.9299999999999999,0.43886852264404297,0.45,0.47473040223121643
0.9450000000000001,0.5157806873321533,0.43,0.6209716200828552
0.95,0.3952018618583679,0.435,0.36567041277885437
File: male2_anxious_8a_1
0.95,0.35868334770202637,0.425,0.2778080999851227
0.94,0.4824049472808838,0.43,0.43758222460746765
0.94,0.45325568318367004,0.43,0.5066630840301514
0.9299999999999999,0.3427475690841675,0.44,0.37794941663742065
0.935,0.4694594442844391,0.435,0.5493330359458923
0.94,0.5786488056182861,0.43,0.4198653995990753
0.9450000000000001,0.46035057306289673,0.425,0.2499217540025711
0.95,0.6176450252532959,0.42,0.6025091409683228
0.9550000000000001,0.5453137159347534,0.42,0.42844846844673157
0.9550000000000001,0.4500795900821686,0.425,0.3832749128341675
File: male2_anxious_9a_1
0.95,0.5215035676956177,0.425,0.7525864839553833
0.935,0.571303129196167,0.42,0.6230007410049438
0.95,0.3399961590766907,0.42,0.5511825084686279
0.95,0.5323712825775146,0.43,0.4496690630912781
0.9450000000000001,0.34327179193496704,0.43,0.4029814302921295
0.94,0.44806504249572754,0.425,0.37993350625038147
0.9550000000000001,0.45247891545295715,0.42,0.29384827613830566
0.95,0.4667224884033203,0.42,0.31288063526153564
0.9550000000000001,0.47312575578689575,0.415,0.35424068570137024
File: male2_apologetic_10a_1
0.3,0.3049392104148865,0.3,0.3372207581996918
0.29500000000000004,0.5846085548400879,0.3,0.5119519233703613
0.31,0.3823285400867462,0.28,0.4693383276462555
0.32,0.41626232862472534,0.28500000000000003,0.47186020016670227
0.315,0.3893235921859741,0.28500000000000003,0.5287810564041138
0.305,0.3936348557472229,0.29500000000000004,0.6817498803138733
0.3,0.3354804515838623,0.29000000000000004,0.5384489893913269
0.29500000000000004,0.18385492265224457,0.29000000000000004,0.3624226748943329
0.3,0.36406975984573364,0.28,0.5849516987800598
0.3,0.256035178899765,0.275,0.30823013186454773
File: male2_apologetic_11a_1
0.29000000000000004,0.3090868592262268,0.305,0.42325279116630554
0.29000000000000004,0.23223966360092163,0.3,0.38916799426078796
0.3,0.4850558638572693,0.29500000000000004,0.4491930902004242
0.3,0.2722788155078888,0.29000000000000004,0.3390324115753174
0.29000000000000004,0.4379979968070984,0.3,0.4761071801185608
0.29000000000000004,0.42436766624450684,0.28500000000000003,0.4780051112174988
0.31,0.34766048192977905,0.275,0.4969908893108368
0.315,0.45250463485717773,0.275,0.4218064248561859
0.305,0.2882545590400696,0.275,0.47639939188957214
File: male2_apologetic_12a_1
0.305,0.4371742904186249,0.3,0.5564480423927307
0.29500000000000004,0.2903083860874176,0.3,0.5496641993522644
0.28500000000000003,0.43489956855773926,0.29500000000000004,0.40305355191230774
0.28500000000000003,0.5021021366119385,0.28500000000000003,0.5058133602142334
0.29000000000000004,0.36677077412605286,0.3,0.38254889845848083
0.29000000000000004,0.31259751319885254,0.305,0.46759241819381714
0.28,0.35696277022361755,0.305,0.4013485014438629
0.275,0.16867873072624207,0.305,0.2997502088546753
File: male2_apologetic_13a_1
0.31,0.42921656370162964,0.3,0.4437822997570038
0.3,0.3682166337966919,0.3,0.4808785319328308
0.305,0.3130772113800049,0.29000000000000004,0.4995131194591522
0.29000000000000004,0.3738246560096741,0.29000000000000004,0.46998366713523865
0.28500000000000003,0.020331066101789474,0.29000000000000004,0.1720958799123764
File: male2_apologetic_14a_1
0.29500000000000004,0.4305150508880615,0.29000000000000004,0.5190869569778442
0.31,0.43227440118789673,0.29500000000000004,0.4576292634010315
0.305,0.4645736813545227,0.29500000000000004,0.4297333359718323
0.305,0.26979079842567444,0.305,0.4048963189125061
0.3,0.34177160263061523,0.3,0.37844815850257874
0.31,0.42805761098861694,0.31,0.35887691378593445
0.305,0.4310982823371887,0.31,0.5597121119499207
File: male2_apologetic_15a_1
0.315,0.4698597192764282,0.32,0.40385642647743225
0.31,0.4534296989440918,0.325,0.4589998126029968
0.3,0.2338007390499115,0.325,0.3048364818096161
0.3,0.2997717261314392,0.325,0.2819962203502655
0.3,0.1964477002620697,0.325,0.32795581221580505
0.29000000000000004,0.5182182788848877,0.315,0.5339738726615906
0.3,0.4616639316082001,0.315,0.516325056552887
0.305,0.3951031267642975,0.305,0.3731761574745178
0.3,0.26889896392822266,0.315,0.27160122990608215
0.29000000000000004,0.2623072862625122,0.315,0.43970152735710144
File: male2_apologetic_1a_1
0.3,0.5282882452011108,0.29500000000000004,0.5308982133865356
0.3,0.37093570828437805,0.3,0.41264814138412476
0.31,0.42923349142074585,0.28500000000000003,0.49812746047973633
0.315,0.38919156789779663,0.29000000000000004,0.3937984108924866
0.3,0.23595404624938965,0.3,0.3399249017238617
0.29000000000000004,0.4539254307746887,0.29000000000000004,0.5036691427230835
0.29000000000000004,0.4639449119567871,0.29000000000000004,0.7554874420166016
File: male2_apologetic_2a_1
0.305,0.4569897949695587,0.28500000000000003,0.6000072956085205
0.3,0.2996146082878113,0.29000000000000004,0.4414333999156952
0.31,0.3532841205596924,0.28,0.6007213592529297
0.305,0.36089929938316345,0.29000000000000004,0.4823404550552368
0.3,0.536090075969696,0.3,0.4909994602203369
0.29000000000000004,0.32249534130096436,0.3,0.4013662040233612
0.3,0.5078399181365967,0.3,0.6373865604400635
0.29500000000000004,0.3388967514038086,0.29500000000000004,0.5512208938598633
File: male2_apologetic_3a_1
0.29500000000000004,0.32934674620628357,0.3,0.40263673663139343
0.305,0.44822344183921814,0.305,0.382248193025589
0.305,0.34070274233818054,0.29500000000000004,0.40404170751571655
0.29500000000000004,0.2614431381225586,0.3,0.32076823711395264
0.3,0.2232688069343567,0.28500000000000003,0.4291713237762451
0.3,0.19301098585128784,0.29000000000000004,0.35268035531044006
0.29000000000000004,0.34598690271377563,0.3,0.5063720345497131
0.29500000000000004,0.21877068281173706,0.29000000000000004,0.3747141659259796
File: male2_apologetic_4a_1
0.29000000000000004,0.48169395327568054,0.28500000000000003,0.3445417582988739
0.28500000000000003,0.4081551134586334,0.29500000000000004,0.4675295650959015
0.29500000000000004,0.4365258812904358,0.3,0.5103358030319214
0.29500000000000004,0.504783570766449,0.29000000000000004,0.42242202162742615
0.305,0.3447979688644409,0.28500000000000003,0.42630669474601746
0.305,0.5167351961135864,0.28500000000000003,0.3950605094432831
0.315,0.4380224347114563,0.28500000000000003,0.5618555545806885
0.3,0.2981448173522949,0.29500000000000004,0.32989299297332764
0.3,0.02784910798072815,0.29000000000000004,0.3346359431743622
0.3,0.14128519594669342,0.29000000000000004,0.2865038514137268
File: male2_apologetic_5a_1
0.29000000000000004,0.27234435081481934,0.3,0.3982739746570587
0.29500000000000004,0.3148322105407715,0.29000000000000004,0.422573059797287
0.29500000000000004,0.34996578097343445,0.28500000000000003,0.5356191992759705
0.305,0.37927377223968506,0.28,0.5659087896347046
0.3,0.366361141204834,0.28,0.4591706395149231
0.3,0.31415560841560364,0.29500000000000004,0.36794477701187134
0.31,0.4863700270652771,0.28,0.48206210136413574
0.31,0.09988447278738022,0.28,0.23034025728702545
File: male2_apologetic_6a_1
0.3,0.5214245915412903,0.28500000000000003,0.5533967614173889
0.29500000000000004,0.2561917006969452,0.3,0.38812950253486633
0.3,0.29159706830978394,0.3,0.406401127576828
0.29000000000000004,0.3865357041358948,0.29500000000000004,0.43117597699165344
0.29000000000000004,0.3761998414993286,0.28,0.38202351331710815
0.28500000000000003,0.3527812063694,0.3,0.7009545564651489
0.28500000000000003,0.48985424637794495,0.29500000000000004,0.4537048041820526
0.28500000000000003,0.30617040395736694,0.29500000000000004,0.31740960478782654
File: male2_apologetic_7a_1
0.31,0.35946667194366455,0.29000000000000004,0.3887763023376465
0.305,0.3951638340950012,0.29500000000000004,0.48153984546661377
0.315,0.45404812693595886,0.3,0.4240669310092926
0.305,0.13893309235572815,0.3,0.3463200628757477
0.3,0.21242864429950714,0.29500000000000004,0.39562729001045227
0.29500000000000004,0.47277480363845825,0.29000000000000004,0.7198135852813721
0.29500000000000004,0.1837003082036972,0.29000000000000004,0.32657521963119507
File: male2_apologetic_8a_1
0.305,0.2824764847755432,0.28,0.31795838475227356
0.31,0.39404118061065674,0.29000000000000004,0.5511364936828613
0.3,0.4278121590614319,0.3,0.5150753259658813
0.3,0.5266308784484863,0.29500000000000004,0.4501584470272064
0.29000000000000004,0.4480959475040436,0.29500000000000004,0.5243937969207764
0.29500000000000004,0.24328988790512085,0.28,0.2815462648868561
0.3,0.4517749547958374,0.28,0.5878996253013611
0.305,0.3468080461025238,0.275,0.4156508147716522
0.3,0.48255252838134766,0.275,0.39013969898223877
0.3,0.5431489944458008,0.28,0.4153817594051361
File: male2_apologetic_9a_1
0.3,0.34773486852645874,0.305,0.5718432664871216
0.29500000000000004,0.42188161611557007,0.3,0.6864699125289917
0.31,0.2764984369277954,0.29000000000000004,0.3537144362926483
0.31,0.34071481227874756,0.29000000000000004,0.3419278860092163
0.3,0.21557584404945374,0.3,0.41457557678222656
0.29500000000000004,0.44736939668655396,0.3,0.3702666461467743
0.31,0.31700995564460754,0.305,0.4827737510204315
0.31,0.1729333996772766,0.305,0.3104071021080017
File: male2_confident_10a_1
0.455,0.48285800218582153,0.665,0.39101484417915344
0.45,0.5483906269073486,0.66,0.5910112857818604
0.455,0.5787436962127686,0.67,0.6422678828239441
0.46,0.5882261991500854,0.67,0.4540475904941559
0.45,0.463997483253479,0.66,0.5797753930091858
0.45,0.3836227059364319,0.66,0.5112369060516357
0.445,0.24395239353179932,0.655,0.34659144282341003
0.44,0.3503257930278778,0.65,0.35197004675865173
0.445,0.3469420075416565,0.635,0.36950069665908813
File: male2_confident_11a_1
0.45,0.5600578784942627,0.635,0.4384573996067047
0.45,0.4408631920814514,0.645,0.46300479769706726
0.44,0.6212484240531921,0.65,0.5639703273773193
0.44,0.39105653762817383,0.64,0.4563099443912506
0.435,0.6565424799919128,0.645,0.6330709457397461
0.455,0.4986744523048401,0.65,0.5309621095657349
0.46499999999999997,0.6327679753303528,0.65,0.3755461871623993
0.46,0.46874117851257324,0.64,0.44004979729652405
0.46,0.21147921681404114,0.655,0.38027408719062805
File: male2_confident_12a_1
0.44,0.4859335124492645,0.64,0.5320835113525391
0.435,0.3864891529083252,0.645,0.4934883415699005
0.455,0.602684736251831,0.65,0.3628217279911041
0.45,0.42348790168762207,0.665,0.46457576751708984
0.46499999999999997,0.5910162329673767,0.66,0.4305513799190521
0.46,0.5377012491226196,0.65,0.5046389102935791
0.455,0.44834744930267334,0.65,0.49768006801605225
0.455,0.16336770355701447,0.66,0.31477296352386475
File: male2_confident_13a_1
0.455,0.4837198257446289,0.65,0.4312460720539093
0.45,0.6470203399658203,0.665,0.48923149704933167
0.45,0.5231629610061646,0.67,0.34705880284309387
0.46,0.38295048475265503,0.67,0.3843255937099457
0.46,-0.05565696582198143,0.635,0.16206125915050507
File: male2_confident_14a_1
0.44,0.6208080649375916,0.64,0.5286790132522583
0.435,0.43008190393447876,0.64,0.3699519634246826
0.455,0.5897210240364075,0.635,0.5237494707107544
0.45,0.35773423314094543,0.645,0.5266629457473755
0.44,0.49908846616744995,0.645,0.515195369720459
0.435,0.5635149478912354,0.65,0.6069743633270264
0.43,0.3534353971481323,0.65,0.3348165452480316
0.435,0.2938186526298523,0.645,0.4239750802516937
0.435,0.31535083055496216,0.655,0.42355379462242126
0.44,0.40609148144721985,0.65,0.4822501838207245
0.44,0.3712819218635559,0.64,0.4192664921283722
0.43,0.3037070333957672,0.65,0.4332580268383026
File: male2_confident_15a_1
0.45,0.44990748167037964,0.665,0.34452593326568604
0.46,0.45334675908088684,0.665,0.48133784532546997
0.45,0.40691304206848145,0.66,0.3975711166858673
0.44,0.450686514377594,0.66,0.5673291683197021
0.44,0.5221441984176636,0.65,0.5318583846092224
0.45,0.427425742149353,0.65,0.5090303421020508
0.445,0.4074881076812744,0.64,0.48498955368995667
0.45,0.39904773235321045,0.65,0.3832595646381378
0.45,0.44506847858428955,0.65,0.5865523219108582
0.445,0.12230530381202698,0.66,0.3405018150806427
File: male2_confident_1a_1
0.45,0.41385287046432495,0.655,0.45974692702293396
0.445,0.4892728626728058,0.665,0.5067488551139832
0.455,0.4554731249809265,0.665,0.5761707425117493
0.45,0.38449060916900635,0.65,0.40128234028816223
0.45,0.39451920986175537,0.65,0.3998642563819885
0.445,0.37347981333732605,0.655,0.5963102579116821
0.44,0.5273962020874023,0.655,0.7435916662216187
0.44,0.3506433069705963,0.65,0.3416531980037689
File: male2_confident_2a_1
0.44,0.5167123675346375,0.645,0.7168892621994019
0.435,0.3191179633140564,0.645,0.4204676151275635
0.435,0.46648937463760376,0.66,0.6415870189666748
0.45,0.6257429122924805,0.655,0.581145167350769
0.445,0.4650803506374359,0.655,0.4458145797252655
0.43,0.3186153769493103,0.66,0.36812981963157654
0.445,0.38173171877861023,0.665,0.5719308853149414
0.44,0.31941699981689453,0.665,0.5146192908287048
0.44,0.355160653591156,0.655,0.3323611319065094
File: male2_confident_3a_1
0.45,0.4470406174659729,0.66,0.4537670612335205
0.46,0.5855280160903931,0.66,0.6689653992652893
0.46499999999999997,0.43755191564559937,0.65,0.4493732154369354
0.45,0.4696199893951416,0.66,0.5053028464317322
0.455,0.44261306524276733,0.655,0.4736908972263336
0.46,0.3484588861465454,0.645,0.6258512735366821
0.445,0.32246631383895874,0.65,0.34023767709732056
0.45,0.4685018062591553,0.645,0.45888838171958923
0.45,0.5219032764434814,0.64,0.3992001712322235
File: male2_confident_4a_1
0.455,0.5946406126022339,0.64,0.4678553640842438
0.45,0.40568068623542786,0.64,0.36018601059913635
0.44,0.4178653955459595,0.635,0.4908505082130432
0.44,0.4598882794380188,0.65,0.43371450901031494
0.45,0.5143290758132935,0.65,0.5249375700950623
0.45,0.5183233022689819,0.66,0.4123397767543793
0.445,0.5672862529754639,0.655,0.3366522789001465
0.44,0.18657037615776062,0.645,0.4159262180328369
0.435,0.287471741437912,0.64,0.35760191082954407
0.435,0.19803202152252197,0.635,0.3566838204860687
File: male2_confident_5a_1
0.445,0.5287271738052368,0.645,0.5037692785263062
0.455,0.4722011089324951,0.645,0.5070208311080933
0.46,0.5026305913925171,0.65,0.5327900648117065
0.455,0.474234938621521,0.65,0.40850356221199036
0.455,0.4226301908493042,0.64,0.49010130763053894
0.445,0.38738733530044556,0.635,0.43031319975852966
0.435,0.5832116007804871,0.64,0.7019400596618652
0.435,0.293751984834671,0.655,0.4341660141944885
File: male2_confident_6a_1
0.455,0.6409781575202942,0.65,0.44678232073783875
0.455,0.3514290750026703,0.645,0.3811071217060089
0.45,0.5522065162658691,0.645,0.4955499470233917
0.45,0.4284290671348572,0.645,0.4292795956134796
0.435,0.4265974462032318,0.65,0.3476369082927704
0.445,0.3337990641593933,0.65,0.370891273021698
0.435,0.3861766755580902,0.65,0.41908934712409973
0.435,0.35591378808021545,0.66,0.3860628306865692
File: male2_confident_7a_1
0.44,0.5199534893035889,0.655,0.5517857074737549
0.435,0.4419384002685547,0.66,0.5549752712249756
0.45,0.43196994066238403,0.66,0.36149895191192627
0.455,0.5383427739143372,0.65,0.4426173269748688
0.45,0.41304585337638855,0.655,0.46851447224617004
0.45,0.5298492312431335,0.655,0.5232354998588562
0.44,0.3772723376750946,0.66,0.3435029089450836
File: male2_confident_8a_1
0.45,0.4657030701637268,0.65,0.5184586048126221
0.46,0.4761459529399872,0.65,0.5409719944000244
0.455,0.37094759941101074,0.655,0.39100024104118347
0.45,0.5384243130683899,0.655,0.41399237513542175
0.45,0.5192294716835022,0.655,0.47380921244621277
0.455,0.5046877264976501,0.66,0.6148845553398132
0.455,0.4593127965927124,0.66,0.6700395941734314
0.46,0.48129358887672424,0.66,0.5408584475517273
0.46,0.4112563133239746,0.65,0.35903236269950867
File: male2_confident_9a_1
0.455,0.4525604844093323,0.64,0.5859140157699585
0.455,0.5686460733413696,0.645,0.5194083452224731
0.45,0.48728930950164795,0.65,0.5111879110336304
0.445,0.3515665531158447,0.655,0.38900890946388245
0.435,0.3494719862937927,0.655,0.4516550600528717
0.44,0.4160418212413788,0.65,0.39136067032814026
0.45,0.3769576847553253,0.65,0.19881652295589447
0.45,0.6109121441841125,0.765,0.46770575642585754
File: male2_enthusiastic_10a_1
0.715,0.6478724479675293,0.76,0.3653351366519928
0.7,0.5442577600479126,0.75,0.614574670791626
0.71,0.5147708654403687,0.75,0.5854173898696899
0.71,0.6405713558197021,0.755,0.42719072103500366
0.7,0.4417710304260254,0.77,0.6324535608291626
0.705,0.4630722403526306,0.77,0.5318267941474915
0.705,0.42224395275115967,0.78,0.33376631140708923
0.725,0.5607130527496338,0.775,0.3259910047054291
0.72,0.5704367160797119,0.745,0.5072733759880066
File: male2_enthusiastic_11a_1
0.7,0.49901920557022095,0.755,0.46235889196395874
0.6950000000000001,0.44530054926872253,0.765,0.4136045575141907
0.705,0.5355544686317444,0.765,0.3964913785457611
0.705,0.6032699942588806,0.775,0.604988694190979
0.715,0.7209784984588623,0.78,0.689329981803894
0.72,0.44649121165275574,0.7849999999999999,0.390249103307724
0.725,0.5871566534042358,0.775,0.40175166726112366
0.725,0.5613068342208862,0.775,0.4257217347621918
0.71,0.18808835744857788,0.77,0.34791943430900574
File: male2_enthusiastic_12a_1
0.715,0.632360577583313,0.76,0.5455062389373779
0.7,0.5684759616851807,0.77,0.5443116426467896
0.715,0.6445196866989136,0.765,0.5055697560310364
0.72,0.6771585941314697,0.77,0.5581814050674438
0.72,0.57701575756073,0.775,0.5562397241592407
0.71,0.7261797785758972,0.765,0.5578917264938354
0.715,0.6082178354263306,0.765,0.583783745765686
0.715,0.37885481119155884,0.765,0.4531237781047821
File: male2_enthusiastic_13a_1
0.71,0.47026360034942627,0.76,0.4538152813911438
0.715,0.5454801917076111,0.78,0.48993730545043945
0.72,0.637781023979187,0.7849999999999999,0.36915385723114014
0.725,0.6748673319816589,0.7849999999999999,0.4925999343395233
0.725,-0.02212447300553322,0.765,0.2732839286327362
File: male2_enthusiastic_14a_1
0.71,0.6219011545181274,0.77,0.47676119208335876
0.7,0.4128677248954773,0.76,0.5727838277816772
0.6950000000000001,0.515500009059906,0.76,0.6638436913490295
0.6950000000000001,0.5927554368972778,0.765,0.5543011426925659
0.7,0.44571298360824585,0.765,0.6774955987930298
0.7,0.3292405605316162,0.76,0.2950104773044586
File: male2_enthusiastic_15a_1
0.7,0.5635882019996643,0.755,0.518700897693634
0.69,0.6477307081222534,0.75,0.5237590074539185
0.69,0.4243367910385132,0.775,0.49054986238479614
0.715,0.6337134838104248,0.765,0.47907206416130066
0.705,0.5862754583358765,0.77,0.5993988513946533
0.715,0.49214211106300354,0.76,0.4172631800174713
0.72,0.3451356291770935,0.75,0.3504349887371063
0.72,0.5103189945220947,0.775,0.3512849509716034
File: male2_enthusiastic_1a_1
0.71,0.4958394169807434,0.765,0.42174404859542847
0.7,0.665454626083374,0.755,0.35054734349250793
0.715,0.6017929911613464,0.75,0.5717456340789795
0.7,0.39373689889907837,0.765,0.43505463004112244
0.71,0.524603545665741,0.765,0.48926272988319397
0.7,0.7487322092056274,0.76,0.9640195369720459
0.7,0.3772260248661041,0.74,0.43846380710601807
File: male2_enthusiastic_2a_1
0.705,0.5468547940254211,0.74,0.8088862299919128
0.6950000000000001,0.4791514575481415,0.735,0.5058991312980652
0.69,0.5846877098083496,0.735,0.5829867124557495
0.69,0.4489672780036926,0.735,0.4734096825122833
0.685,0.3928060233592987,0.75,0.4771246314048767
0.71,0.6943391561508179,0.75,0.532720685005188
0.7,0.6686090230941772,0.755,0.7767148017883301
0.705,0.5969504117965698,0.74,0.4881386458873749
File: male2_enthusiastic_3a_1
0.69,0.3768243193626404,0.755,0.4069560468196869
0.705,0.6552199125289917,0.76,0.5431783199310303
0.7,0.48069414496421814,0.75,0.4478223919868469
0.7,0.5566831827163696,0.745,0.45736417174339294
0.6950000000000001,0.46101874113082886,0.735,0.3276136815547943
0.685,0.34003758430480957,0.76,0.2557859420776367
0.71,0.6391097903251648,0.76,0.372947633266449
0.71,0.481945276260376,0.77,0.3211539685726166
File: male2_enthusiastic_4a_1
0.72,0.46114444732666016,0.765,0.5073723196983337
0.71,0.5854700803756714,0.75,0.5396894812583923
0.69,0.4849233627319336,0.745,0.5759378671646118
0.6950000000000001,0.5573558807373047,0.755,0.37206754088401794
0.7,0.43443432450294495,0.76,0.5505145788192749
0.7,0.6875450015068054,0.775,0.39711567759513855
0.72,0.5410544872283936,0.765,0.8113309144973755
0.715,0.41336607933044434,0.765,0.430705189704895
0.71,0.3604271411895752,0.745,0.456496924161911
File: male2_enthusiastic_5a_1
0.6950000000000001,0.49416428804397583,0.755,0.5856634378433228
0.705,0.5045170187950134,0.755,0.6611357927322388
0.715,0.4620018005371094,0.765,0.42229655385017395
0.715,0.5969310402870178,0.755,0.41758981347084045
0.71,0.5850600004196167,0.75,0.4732133448123932
0.7,0.45897817611694336,0.77,0.3614252507686615
0.72,0.6796882152557373,0.77,0.48263803124427795
0.715,0.37490227818489075,0.77,0.41607198119163513
File: male2_enthusiastic_6a_1
0.715,0.796381950378418,0.765,0.5212594866752625
0.7,0.5529255867004395,0.755,0.4032485783100128
0.7,0.42112964391708374,0.755,0.4101107120513916
0.6950000000000001,0.5054736137390137,0.765,0.5373263359069824
0.71,0.5543162822723389,0.76,0.5498044490814209
0.71,0.4792690575122833,0.75,0.6357618570327759
0.7,0.3759670853614807,0.75,0.3867745101451874
0.7,0.41759416460990906,0.745,0.34071293473243713
File: male2_enthusiastic_7a_1
0.705,0.4250735342502594,0.74,0.47520655393600464
0.705,0.5299072265625,0.75,0.4270918071269989
0.7,0.5641913414001465,0.75,0.5697292685508728
0.71,0.37981539964675903,0.735,0.5898199081420898
0.71,0.4717804193496704,0.75,0.5516730546951294
0.72,0.6332589387893677,0.755,0.6916207671165466
0.72,0.4711124897003174,0.77,0.38255229592323303
File: male2_enthusiastic_8a_1
0.72,0.5544940233230591,0.77,0.5213251113891602
0.715,0.5384342074394226,0.77,0.5330746173858643
0.6950000000000001,0.4643459916114807,0.76,0.5790658593177795
0.7,0.5487759113311768,0.75,0.4797234833240509
0.705,0.5830321907997131,0.75,0.5636016130447388
0.715,0.4964488744735718,0.77,0.600651741027832
0.725,0.6344269514083862,0.765,0.6153900623321533
0.72,0.5349516868591309,0.76,0.49871504306793213
0.72,0.44355136156082153,0.76,0.3577776253223419
0.72,0.32705268263816833,0.76,0.32653453946113586
File: male2_enthusiastic_9a_1
0.715,0.5420307517051697,0.76,0.533414363861084
0.71,0.518123209476471,0.77,0.6949859857559204
0.715,0.5765384435653687,0.76,0.2759932577610016
0.72,0.4717593193054199,0.75,0.49358657002449036
0.7,0.5081671476364136,0.755,0.40200161933898926
0.725,0.6751672625541687,0.75,0.6630434989929199
0.72,0.4796651303768158,0.89,0.44955459237098694
File: male2_excited_10a_1
0.915,0.7090342044830322,0.885,0.42140960693359375
0.915,0.7937097549438477,0.915,0.6515700817108154
0.9299999999999999,0.6550509929656982,0.915,0.4098949134349823
0.935,0.6849701404571533,0.915,0.5936523675918579
0.94,0.5187743306159973,0.9,0.4388609230518341
0.925,0.7882211208343506,0.905,0.7838050723075867
0.9199999999999999,0.7450392246246338,0.9099999999999999,0.5170378088951111
0.9199999999999999,0.5425446033477783,0.9099999999999999,0.2815888226032257
0.9299999999999999,0.6639807820320129,0.9099999999999999,0.3486425280570984
0.9299999999999999,0.6806443929672241,0.925,0.5011131167411804
File: male2_excited_11a_1
0.935,0.7311567068099976,0.895,0.5137838125228882
0.9099999999999999,0.7861111760139465,0.89,0.4469042718410492
0.9199999999999999,0.6497498750686646,0.9,0.44817379117012024
0.9299999999999999,0.7682482600212097,0.9099999999999999,0.5045871138572693
0.915,0.66667640209198,0.9199999999999999,0.4547777473926544
0.9450000000000001,0.6934123039245605,0.9199999999999999,0.5476430654525757
0.9450000000000001,0.7944616079330444,0.925,0.9052655100822449
File: male2_excited_12a_1
0.9199999999999999,0.5173807144165039,0.915,0.35266491770744324
0.915,0.7608572244644165,0.925,0.4773975908756256
0.9299999999999999,0.7270078063011169,0.9,0.5094099044799805
0.905,0.6994336247444153,0.905,0.5354087352752686
0.9099999999999999,0.6073271632194519,0.9199999999999999,0.5473809242248535
0.935,0.5977350473403931,0.925,0.42860147356987
0.94,0.668276846408844,0.925,0.504145085811615
0.94,0.584306538105011,0.9299999999999999,0.4404497444629669
File: male2_excited_13a_1
0.9299999999999999,0.7522420883178711,0.9299999999999999,0.6563112735748291
0.925,0.6319652795791626,0.9199999999999999,0.3650204539299011
0.94,0.6859369277954102,0.9199999999999999,0.3924860954284668
0.94,0.6339994668960571,0.915,0.4352279603481293
0.935,0.5922032594680786,0.925,0.42216384410858154
0.9099999999999999,0.6128661632537842,0.925,0.4489010274410248
0.9099999999999999,0.5282683372497559,0.925,0.41096311807632446
0.9099999999999999,0.45977869629859924,0.925,0.3329656422138214
File: male2_excited_14a_1
0.9199999999999999,0.7170712947845459,0.9,0.28501096367836
0.915,0.7408727407455444,0.9,0.18241135776042938
0.915,0.641583263874054,0.915,0.4868209660053253
0.9299999999999999,0.6301428079605103,0.905,0.5046346187591553
0.935,0.6240501403808594,0.935,0.38440099358558655
0.9450000000000001,0.7361887693405151,0.94,0.4310472309589386
0.94,0.8314192295074463,0.94,0.4278964102268219
0.94,0.6570995450019836,0.94,0.4985046684741974
0.935,0.29290443658828735,0.935,0.39589130878448486
File: male2_excited_15a_1
0.9299999999999999,0.5177268981933594,0.935,0.49047937989234924
0.925,0.7630510330200195,0.925,0.4443506896495819
0.94,0.6535271406173706,0.925,0.39932936429977417
0.9199999999999999,0.8586513996124268,0.915,0.7860626578330994
0.915,0.6468337774276733,0.9199999999999999,0.5268305540084839
0.9199999999999999,0.7635319828987122,0.925,0.440308541059494
0.94,0.5270358324050903,0.9299999999999999,0.429086834192276
0.9450000000000001,0.6362114548683167,0.915,0.5662837028503418
File: male2_excited_1a_1
0.9099999999999999,0.6157989501953125,0.915,0.557382345199585
0.905,0.6235668659210205,0.905,0.403412401676178
0.9199999999999999,0.7256028056144714,0.9,0.46652814745903015
0.915,0.5180532336235046,0.895,0.4018835723400116
0.9,0.5114396810531616,0.9199999999999999,0.45485439896583557
0.925,0.7030317187309265,0.915,0.6557809710502625
0.925,0.537382185459137,0.905,0.5334142446517944
0.925,0.3211544156074524,0.9299999999999999,0.39872562885284424
File: male2_excited_2a_1
0.935,0.6055289506912231,0.925,0.7274407744407654
0.9299999999999999,0.5850937962532043,0.9099999999999999,0.5500856637954712
0.925,0.5939872860908508,0.9099999999999999,0.49618399143218994
0.925,0.6132316589355469,0.9199999999999999,0.48172613978385925
0.9299999999999999,0.6786967515945435,0.9299999999999999,0.4604547321796417
0.94,0.6347070932388306,0.935,0.4896722733974457
0.9299999999999999,0.6169133186340332,0.935,0.5012224912643433
0.9299999999999999,0.5597671270370483,0.9,0.5056885480880737
File: male2_excited_3a_1
0.925,0.47646868228912354,0.935,0.4695800840854645
0.94,0.6198055148124695,0.935,0.6328493356704712
0.94,0.6280680894851685,0.9299999999999999,0.3554551303386688
0.925,0.7461836934089661,0.94,0.4577520787715912
0.9299999999999999,0.7166963815689087,0.94,0.4327644407749176
0.9199999999999999,0.5966334342956543,0.9299999999999999,0.4428604543209076
0.9299999999999999,0.65097576379776,0.9299999999999999,0.4673509895801544
0.9299999999999999,0.6363171935081482,0.9299999999999999,0.44812509417533875
File: male2_excited_4a_1
0.9450000000000001,0.7861988544464111,0.915,0.4800270199775696
0.935,0.5638061761856079,0.9099999999999999,0.5717517137527466
0.925,0.5814824104309082,0.9099999999999999,0.53273606300354
0.9299999999999999,0.5113842487335205,0.9199999999999999,0.34551554918289185
0.935,0.5215393900871277,0.9199999999999999,0.737455427646637
0.935,0.773005485534668,0.9299999999999999,0.4193180203437805
0.94,0.6464360952377319,0.915,0.6187589168548584
0.94,0.5879756212234497,0.915,0.4297073781490326
0.9299999999999999,0.49414920806884766,0.915,0.459160715341568
0.9299999999999999,0.46911802887916565,0.9,0.38843512535095215
File: male2_excited_5a_1
0.915,0.5954750180244446,0.9199999999999999,0.44625863432884216
0.925,0.6550443172454834,0.9199999999999999,0.48588424921035767
0.9299999999999999,0.408017635345459,0.9199999999999999,0.47482800483703613
0.935,0.8157603144645691,0.925,0.5141665935516357
0.935,0.5761346817016602,0.9199999999999999,0.5905112624168396
0.925,0.4896325170993805,0.9299999999999999,0.42630088329315186
0.94,0.7055811882019043,0.9299999999999999,0.41511255502700806
0.9450000000000001,0.5420407056808472,0.925,0.48231664299964905
0.9450000000000001,0.23786884546279907,0.9299999999999999,0.2770146429538727
File: male2_excited_6a_1
0.94,0.840281069278717,0.925,0.6628159880638123
0.94,0.670458197593689,0.9199999999999999,0.4636431634426117
0.935,0.5879160165786743,0.915,0.658845067024231
0.9299999999999999,0.6730241775512695,0.935,0.5843373537063599
0.94,0.5257583260536194,0.9299999999999999,0.4274435341358185
0.9299999999999999,0.6486166715621948,0.915,0.6825737953186035
0.925,0.409869521856308,0.915,0.3814661204814911
0.925,0.5066004395484924,0.9199999999999999,0.39480775594711304
File: male2_excited_7a_1
0.94,0.7035465240478516,0.925,0.5179843902587891
0.935,0.46315741539001465,0.9299999999999999,0.4358380138874054
0.9450000000000001,0.6746433973312378,0.9299999999999999,0.407655268907547
0.94,0.5052529573440552,0.9099999999999999,0.41989096999168396
0.9450000000000001,0.6388436555862427,0.935,0.4721069037914276
0.95,0.6650559902191162,0.935,0.5856490135192871
0.9450000000000001,0.6736776232719421,0.915,0.5149528980255127
File: male2_excited_8a_1
0.935,0.6582765579223633,0.9099999999999999,0.42871740460395813
0.9299999999999999,0.7289490699768066,0.9299999999999999,0.644845724105835
0.9299999999999999,0.5649250745773315,0.925,0.6216065883636475
0.925,0.5281474590301514,0.9199999999999999,0.4326534569263458
0.9299999999999999,0.5404621362686157,0.9299999999999999,0.45770323276519775
0.9299999999999999,0.7275797128677368,0.9199999999999999,0.45286425948143005
0.95,0.6391831636428833,0.925,0.5019855499267578
0.95,0.6235405802726746,0.925,0.4788125157356262
0.94,0.46172454953193665,0.9199999999999999,0.3651775121688843
0.94,0.3752624988555908,0.925,0.3451875150203705
File: male2_excited_9a_1
0.925,0.758280336856842,0.9199999999999999,0.8180136680603027
0.915,0.6848867535591125,0.9099999999999999,0.5267208814620972
0.9199999999999999,0.666968584060669,0.9099999999999999,0.45565229654312134
0.925,0.7349880933761597,0.9,0.606244683265686
0.905,0.4451434016227722,0.905,0.37563109397888184
0.915,0.7571417093276978,0.9299999999999999,0.14451248943805695
0.9299999999999999,0.6430080533027649,0.9299999999999999,0.49020278453826904
0.9299999999999999,0.5109565258026123,0.9450000000000001,0.38747438788414
File: male2_happy_10a_1
0.55,0.5906835794448853,0.935,0.28850576281547546
0.545,0.5499962568283081,0.9550000000000001,0.6123241186141968
0.575,0.6081515550613403,0.96,0.5389147996902466
0.575,0.6985816955566406,0.935,0.48904213309288025
0.565,0.43342557549476624,0.935,0.6307698488235474
0.56,0.5854549407958984,0.9299999999999999,0.533547043800354
0.565,0.4669637680053711,0.94,0.4285350739955902
0.56,0.5339838266372681,0.94,0.4829607903957367
0.565,0.5586801767349243,0.94,0.4864504635334015
File: male2_happy_11a_1
0.5700000000000001,0.6671736240386963,0.9299999999999999,0.4674992263317108
0.5700000000000001,0.6836652159690857,0.925,0.5890727639198303
0.565,0.5714322328567505,0.94,0.5357615947723389
0.575,0.5191675424575806,0.935,0.44214898347854614
0.565,0.5865164995193481,0.95,0.40121030807495117
0.58,0.7180839776992798,0.95,0.603367805480957
0.58,0.5825883150100708,0.935,0.49525633454322815
File: male2_happy_12a_1
0.56,0.3249201774597168,0.935,0.3945884704589844
0.56,0.52813720703125,0.9450000000000001,0.5232791900634766
0.565,0.6712406873703003,0.9299999999999999,0.5476431846618652
0.565,0.544120728969574,0.935,0.4851042628288269
0.55,0.44962435960769653,0.95,0.5772514343261719
0.5700000000000001,0.469838410615921,0.9450000000000001,0.624372124671936
0.575,0.45022815465927124,0.9450000000000001,0.49382004141807556
0.565,0.4541858434677124,0.9450000000000001,0.3505869507789612
File: male2_happy_13a_1
0.5700000000000001,0.6441491842269897,0.94,0.9617037773132324
0.565,0.5939800143241882,0.9299999999999999,0.3915950059890747
0.55,0.5087757110595703,0.925,0.4349973797798157
0.545,0.48887038230895996,0.9299999999999999,0.4377705156803131
0.55,0.449661523103714,0.9299999999999999,0.4906134605407715
0.545,0.3658061623573303,0.9299999999999999,0.3590500056743622
0.54,0.5719725489616394,0.94,0.4160236120223999
File: male2_happy_14a_1
0.56,0.6342000961303711,0.9299999999999999,0.39672932028770447
0.55,0.5584880113601685,0.94,0.32022544741630554
0.565,0.5112142562866211,0.94,0.43105393648147583
0.565,0.47673410177230835,0.9299999999999999,0.5233304500579834
0.55,0.39229893684387207,0.95,0.35887908935546875
0.575,0.5048156976699829,0.9550000000000001,0.4392959177494049
0.575,0.5380040407180786,0.9299999999999999,0.34496089816093445
File: male2_happy_15a_1
0.555,0.4863585829734802,0.925,0.5680181980133057
0.55,0.5072045922279358,0.94,0.4821753203868866
0.58,0.5616475939750671,0.94,0.48138725757598877
0.585,0.6134470701217651,0.925,0.5657507181167603
0.565,0.43973270058631897,0.9299999999999999,0.49976450204849243
0.575,0.6035857200622559,0.94,0.444881796836853
0.58,0.7258378267288208,0.94,0.46116071939468384
0.575,0.6364247798919678,0.9450000000000001,0.5259803533554077
File: male2_happy_1a_1
0.56,0.5689910054206848,0.94,0.47727009654045105
0.55,0.6484150886535645,0.95,0.47360759973526
0.5700000000000001,0.6256173849105835,0.95,0.44489625096321106
0.575,0.4294975996017456,0.935,0.3975527286529541
0.565,0.42043280601501465,0.94,0.4772152006626129
0.5700000000000001,0.5927988290786743,0.9299999999999999,0.6891393065452576
0.565,0.5132665038108826,0.925,0.6192891597747803
File: male2_happy_2a_1
0.56,0.5310666561126709,0.925,0.7529202699661255
0.55,0.48328182101249695,0.935,0.5393192768096924
0.545,0.6398767232894897,0.935,0.7080123424530029
0.545,0.5041571855545044,0.9299999999999999,0.39925089478492737
0.54,0.6115819811820984,0.935,0.45405182242393494
0.54,0.3952452540397644,0.94,0.41860878467559814
0.56,0.5430048108100891,0.9299999999999999,0.5331739187240601
0.555,0.5061078667640686,0.935,0.6487698554992676
File: male2_happy_3a_1
0.545,0.4114043116569519,0.95,0.45119571685791016
0.5700000000000001,0.6179807186126709,0.9450000000000001,0.6170395612716675
0.575,0.5226632356643677,0.9299999999999999,0.4115602672100067
0.555,0.5277175903320312,0.9450000000000001,0.5350651144981384
0.5700000000000001,0.5913978815078735,0.94,0.546484649181366
0.5700000000000001,0.4700089693069458,0.935,0.5311732292175293
0.55,0.4269029200077057,0.95,0.2616417706012726
0.575,0.4519559144973755,0.95,0.29644253849983215
File: male2_happy_4a_1
0.575,0.71129310131073,0.9450000000000001,0.9222292900085449
0.565,0.4861459732055664,0.935,0.6321459412574768
0.55,0.5249009132385254,0.94,0.4899473488330841
0.56,0.5044995546340942,0.94,0.3570457696914673
0.56,0.5895968675613403,0.9450000000000001,0.4400770962238312
0.575,0.6588940620422363,0.94,0.47640639543533325
0.56,0.43355345726013184,0.9299999999999999,0.48268356919288635
0.56,0.47306740283966064,0.9299999999999999,0.46485450863838196
0.56,0.20586669445037842,0.925,0.33660879731178284
File: male2_happy_5a_1
0.54,0.5503120422363281,0.94,0.5756256580352783
0.565,0.45577287673950195,0.94,0.4427979290485382
0.565,0.42219072580337524,0.95,0.4138524532318115
0.575,0.6109495759010315,0.95,0.47075703740119934
0.575,0.5237528085708618,0.935,0.4686354100704193
0.565,0.4122184216976166,0.94,0.37658455967903137
0.55,0.5673242807388306,0.94,0.6199495792388916
0.55,0.31406834721565247,0.935,0.43146732449531555
File: male2_happy_6a_1
0.575,0.695189356803894,0.935,0.434192031621933
0.575,0.6227478981018066,0.9299999999999999,0.7567262649536133
0.565,0.417959600687027,0.925,0.5706279277801514
0.565,0.5255768299102783,0.925,0.4385679066181183
0.56,0.6203810572624207,0.94,0.6417447924613953
0.5700000000000001,0.5095085501670837,0.935,0.44825926423072815
0.56,0.6346434354782104,0.9299999999999999,0.6917946338653564
0.56,0.4573620855808258,0.9299999999999999,0.4152253568172455
0.555,0.47654080390930176,0.95,0.3269956707954407
File: male2_happy_7a_1
0.575,0.5523625016212463,0.94,0.4367825388908386
0.5700000000000001,0.5851876735687256,0.9450000000000001,0.4600488841533661
0.5700000000000001,0.4400191307067871,0.9450000000000001,0.41097211837768555
0.565,0.5679272413253784,0.95,0.5574907064437866
0.575,0.606628954410553,0.9550000000000001,0.46046212315559387
0.58,0.6416701078414917,0.96,0.7429760694503784
0.58,0.5225273370742798,0.9550000000000001,0.3248572051525116
File: male2_happy_8a_1
0.585,0.5019150376319885,0.95,0.5155656337738037
0.585,0.6213772892951965,0.94,0.6157962083816528
0.575,0.4607827067375183,0.935,0.5083724856376648
0.575,0.49659714102745056,0.935,0.49943122267723083
0.5700000000000001,0.5244759321212769,0.9299999999999999,0.6969364285469055
0.575,0.5444633364677429,0.9450000000000001,0.48398926854133606
0.58,0.6822378635406494,0.95,0.4826645851135254
0.585,0.5472328066825867,0.96,0.5620272755622864
0.58,0.4992033839225769,0.9550000000000001,0.36223065853118896
0.575,0.426586776971817,0.9550000000000001,0.35151711106300354
File: male2_happy_9a_1
0.565,0.6297739744186401,0.95,0.9361281991004944
0.56,0.6453080177307129,0.9450000000000001,0.6867814064025879
0.575,0.5329482555389404,0.95,0.46992388367652893
0.5700000000000001,0.572763979434967,0.935,0.4882483184337616
0.56,0.3274393081665039,0.9299999999999999,0.4188874065876007
0.56,0.5486677885055542,0.95,0.28201398253440857
0.585,0.6515306234359741,0.9450000000000001,0.5321288704872131
0.58,0.518012285232544,0.505,0.3940483629703522
File: male2_neutral_10a_1
0.51,0.3078601658344269,0.5,0.4111481010913849
0.5,0.47206443548202515,0.49,0.5674698352813721
0.52,0.32244330644607544,0.49,0.4218187928199768
0.515,0.5270158052444458,0.5,0.5804314613342285
0.505,0.2848128080368042,0.5,0.377451628446579
0.5,0.48693299293518066,0.5,0.5240345001220703
0.5,0.368435800075531,0.5,0.3487068712711334
0.5,0.19388170540332794,0.5,0.27386778593063354
0.505,0.42027798295021057,0.5,0.6528235673904419
0.5,0.33128130435943604,0.505,0.45128586888313293
File: male2_neutral_11a_1
0.5,0.32571592926979065,0.5,0.345586895942688
0.51,0.4042469263076782,0.49,0.28078511357307434
0.515,0.36483991146087646,0.49,0.32511207461357117
0.51,0.3363211750984192,0.485,0.44413498044013977
0.51,0.28074949979782104,0.495,0.41103413701057434
0.505,0.3943275213241577,0.5,0.4672832787036896
0.51,0.35311946272850037,0.5,0.587128758430481
0.51,-0.046895675361156464,0.5,0.2357655167579651
File: male2_neutral_12a_1
0.5,0.14178910851478577,0.505,0.3259402811527252
0.5,0.4873757064342499,0.495,0.5981714725494385
0.495,0.4682703912258148,0.5,0.5575423240661621
0.495,0.5428484678268433,0.505,0.500999391078949
0.49,0.2630186378955841,0.505,0.45923537015914917
0.5,0.30603665113449097,0.5,0.4240700304508209
0.5,0.23667368292808533,0.5,0.3700731098651886
0.5,0.43759626150131226,0.51,0.39193376898765564
File: male2_neutral_13a_1
0.51,0.3798787295818329,0.505,0.6203599572181702
0.505,0.34419503808021545,0.5,0.39240238070487976
0.505,0.3037218749523163,0.5,0.37452712655067444
0.5,0.368940144777298,0.5,0.3898918628692627
0.5,0.2513658404350281,0.5,0.39503711462020874
0.5,0.38846728205680847,0.51,0.4082287549972534
File: male2_neutral_14a_1
0.51,0.40227222442626953,0.505,0.3395681381225586
0.5,0.4518797993659973,0.51,0.3318594992160797
0.515,0.44458410143852234,0.51,0.41763195395469666
0.515,0.4471091032028198,0.51,0.5656576156616211
0.505,0.3437202572822571,0.505,0.4190090596675873
0.505,0.334621787071228,0.5,0.3467114567756653
0.5,0.36404892802238464,0.5,0.4504106640815735
File: male2_neutral_15a_1
0.505,0.35081541538238525,0.495,0.4679122269153595
0.5,0.2048458456993103,0.5,0.3967253863811493
0.5,0.3801719546318054,0.49,0.39532774686813354
0.51,0.22332221269607544,0.495,0.37380167841911316
0.51,0.37551164627075195,0.5,0.5449804067611694
0.505,0.2587496340274811,0.5,0.29986342787742615
0.505,0.35275664925575256,0.505,0.383635550737381
0.5,0.43784600496292114,0.5,0.3507058024406433
0.495,0.38097965717315674,0.51,0.42640241980552673
File: male2_neutral_1a_1
0.5,0.47972315549850464,0.505,0.4692194163799286
0.5,0.32739588618278503,0.49,0.3348918855190277
0.515,0.47797876596450806,0.49,0.3581427037715912
0.515,0.3741152882575989,0.5,0.3919219672679901
0.505,0.5391818284988403,0.505,0.5305891036987305
0.51,0.42111098766326904,0.5,0.5800086855888367
0.505,0.44472014904022217,0.5,0.6315752267837524
File: male2_neutral_2a_1
0.51,0.4407106041908264,0.5,0.5960556268692017
0.505,0.3595203161239624,0.51,0.47985899448394775
0.5,0.34034058451652527,0.51,0.5790460109710693
0.5,0.31835606694221497,0.505,0.35776185989379883
0.51,0.6460456848144531,0.5,0.5450218319892883
0.51,0.3924145996570587,0.505,0.5048214197158813
0.51,0.4370388090610504,0.505,0.5753312110900879
0.5,0.3298090696334839,0.5,0.5706585049629211
File: male2_neutral_3a_1
0.51,0.3938940763473511,0.515,0.39389899373054504
0.52,0.3762880265712738,0.51,0.26766011118888855
0.515,0.35390254855155945,0.51,0.35021111369132996
0.51,0.43927276134490967,0.515,0.5710456371307373
0.515,0.3702731132507324,0.51,0.4242905378341675
0.515,0.2840521037578583,0.51,0.5756487846374512
0.505,0.21598945558071136,0.5,0.4012224078178406
0.505,0.2665867805480957,0.505,0.40716978907585144
File: male2_neutral_4a_1
0.505,0.45366308093070984,0.5,0.3470064699649811
0.5,0.34334829449653625,0.515,0.44178077578544617
0.51,0.3573082685470581,0.515,0.49950167536735535
0.51,0.47063684463500977,0.51,0.4505843222141266
0.515,0.33738571405410767,0.505,0.5083267688751221
0.505,0.5100353956222534,0.51,0.37659913301467896
0.51,0.39443930983543396,0.51,0.38877758383750916
0.51,0.1345399022102356,0.5,0.35881999135017395
0.5,0.21531619131565094,0.5,0.33354905247688293
0.5,0.18431518971920013,0.5,0.31590208411216736
File: male2_neutral_5a_1
0.495,0.3875112235546112,0.51,0.3086015582084656
0.515,0.24090558290481567,0.51,0.3702225983142853
0.515,0.32398730516433716,0.505,0.49657294154167175
0.505,0.4533219635486603,0.505,0.5163466930389404
0.5,0.2932737469673157,0.51,0.4956880509853363
0.515,0.3103616535663605,0.5,0.4476536214351654
0.51,0.32069480419158936,0.5,0.45282068848609924
0.51,0.29090631008148193,0.51,0.36799219250679016
File: male2_neutral_6a_1
0.495,0.49933961033821106,0.505,0.6414675712585449
0.5,0.36600029468536377,0.5,0.4708021581172943
0.51,0.3943234086036682,0.5,0.3988797068595886
0.5,0.33718037605285645,0.495,0.42373916506767273
0.515,0.34579914808273315,0.49,0.43146634101867676
0.51,0.4315066337585449,0.49,0.6139788627624512
0.505,0.5322641730308533,0.5,0.4619829058647156
File: male2_neutral_7a_1
0.495,0.3605366349220276,0.495,0.3964463472366333
0.49,0.4097422659397125,0.505,0.4603267014026642
0.515,0.4596948027610779,0.51,0.506221354007721
0.51,0.17083200812339783,0.505,0.28843560814857483
0.51,0.27280664443969727,0.5,0.4533345401287079
0.515,0.40671008825302124,0.5,0.6813408136367798
0.505,0.35270971059799194,0.51,0.40149202942848206
File: male2_neutral_8a_1
0.505,0.2787364423274994,0.5,0.4004809260368347
0.5,0.5311492681503296,0.5,0.5888554453849792
0.5,0.42369091510772705,0.5,0.5299157500267029
0.5,0.5866511464118958,0.505,0.43989798426628113
0.5,0.5601415038108826,0.505,0.5034490823745728
0.505,0.32702431082725525,0.49,0.4907415807247162
0.5,0.4504910409450531,0.485,0.5497202277183533
0.5,0.41233158111572266,0.485,0.4521030783653259
0.5,0.46752166748046875,0.5,0.3842390477657318
File: male2_neutral_9a_1
0.51,0.3905737102031708,0.505,0.6818581819534302
0.5,0.34738272428512573,0.51,0.616924524307251
0.5,0.17704804241657257,0.51,0.4189421832561493
0.505,0.28004997968673706,0.51,0.3126375675201416
0.5,0.14633986353874207,0.5,0.3266026973724365
0.5,0.49243345856666565,0.5,0.354936808347702
0.51,0.22421051561832428,0.495,0.5325651168823242
0.505,0.44292008876800537,0.10499999999999998,0.4575023353099823
File: male2_sad_10a_1
0.31,0.2922467887401581,0.09999999999999998,0.4188728928565979
0.3,0.5290595889091492,0.09999999999999998,0.512252926826477
0.29500000000000004,0.46878132224082947,0.07,0.48713672161102295
0.305,0.42381495237350464,0.07,0.4904465973377228
0.305,0.31741032004356384,0.07500000000000001,0.3794654309749603
0.3,0.2650185823440552,0.08000000000000002,0.42157772183418274
0.71,0.31623727083206177,0.07500000000000001,0.47732463479042053
0.28500000000000003,0.17987319827079773,0.09000000000000002,0.3672209680080414
0.29000000000000004,0.1473570317029953,0.08000000000000002,0.3376177251338959
0.29500000000000004,0.213040292263031,0.08000000000000002,0.2801920473575592
0.29500000000000004,0.3199324607849121,0.10499999999999998,0.34178200364112854
File: male2_sad_11a_1
0.305,0.467948317527771,0.09999999999999998,0.40300339460372925
0.31,0.33622825145721436,0.07500000000000001,0.3967624604701996
0.315,0.3821738064289093,0.08500000000000002,0.3258567750453949
0.315,0.3737841844558716,0.09000000000000002,0.5567617416381836
0.32,0.34597164392471313,0.08500000000000002,0.3813655972480774
0.32,0.3201351761817932,0.09499999999999997,0.3403313457965851
0.315,0.47245460748672485,0.09999999999999998,0.6463070511817932
0.315,0.17958199977874756,0.10999999999999999,0.3058919310569763
File: male2_sad_12a_1
0.31,0.126398965716362,0.10999999999999999,0.29332539439201355
0.3,0.4505501389503479,0.09499999999999997,0.4995535910129547
0.29500000000000004,0.5084037780761719,0.09999999999999998,0.47122615575790405
0.29000000000000004,0.37662437558174133,0.09999999999999998,0.47088807821273804
0.29000000000000004,0.09384649991989136,0.09999999999999998,0.3217600882053375
0.3,0.20387810468673706,0.09000000000000002,0.38620316982269287
0.28500000000000003,0.358073353767395,0.08500000000000002,0.5177680253982544
0.29000000000000004,0.22814595699310303,0.08500000000000002,0.46473228931427
0.29000000000000004,0.22254984080791473,0.09000000000000002,0.3618902266025543
0.28500000000000003,0.09297634661197662,0.09000000000000002,0.3359544575214386
0.28500000000000003,0.4655494689941406,0.10499999999999998,0.42256322503089905
File: male2_sad_13a_1
0.3,0.39216938614845276,0.09999999999999998,0.47401437163352966
0.31,0.4220567047595978,0.08000000000000002,0.464550644159317
0.31,0.40918439626693726,0.08000000000000002,0.4231713116168976
0.3,0.33483803272247314,0.09000000000000002,0.42983198165893555
0.29500000000000004,0.281094491481781,0.065,0.371747761964798
0.28500000000000003,0.18780022859573364,0.06,0.39473623037338257
0.265,0.16415143013000488,0.06,0.2772996127605438
0.26,0.3118274211883545,0.08500000000000002,0.3678072690963745
File: male2_sad_14a_1
0.3,0.16395944356918335,0.08000000000000002,0.25325292348861694
0.305,0.468277245759964,0.08500000000000002,0.40768906474113464
nan,0.32298439741134644,0.08500000000000002,0.31282734870910645
0.32,0.3915431499481201,0.10499999999999998,0.4539375901222229
0.32,0.23149433732032776,0.09999999999999998,0.35445550084114075
0.31,0.3106635808944702,0.09499999999999997,0.46322956681251526
0.315,0.36105233430862427,0.09499999999999997,0.41250982880592346
0.315,0.27684831619262695,0.09499999999999997,0.35415443778038025
0.315,0.4661884307861328,0.08500000000000002,0.4441860616207123
File: male2_sad_15a_1
0.3,0.35291916131973267,0.08000000000000002,0.40855273604393005
0.29500000000000004,0.42471468448638916,0.09999999999999998,0.5639700293540955
0.29500000000000004,0.3012809157371521,0.09499999999999997,0.4692208468914032
0.315,0.44332724809646606,0.10499999999999998,0.48217588663101196
0.315,0.37660402059555054,0.10499999999999998,0.5243410468101501
0.31,0.1628582775592804,0.09999999999999998,0.3192976117134094
0.305,0.3807359039783478,0.09499999999999997,0.38204044103622437
0.315,0.2964920997619629,0.10999999999999999,0.3845369517803192
0.315,0.3783800005912781,0.10999999999999999,0.401670902967453
0.305,0.3747289180755615,0.10499999999999998,0.3852580487728119
0.3,0.253713995218277,0.09999999999999998,0.4400812089443207
0.3,0.34503793716430664,0.08000000000000002,0.3223485052585602
File: male2_sad_1a_1
0.29000000000000004,0.38206321001052856,0.08500000000000002,0.2908187806606293
0.28500000000000003,0.4503551721572876,0.08500000000000002,0.5080767273902893
0.31,0.46301156282424927,0.09000000000000002,0.635263979434967
0.31,0.5122448801994324,0.09999999999999998,0.4644728899002075
0.28500000000000003,0.3230533003807068,0.09499999999999997,0.45358267426490784
0.28,0.2523219883441925,0.08500000000000002,0.3822210431098938
0.29000000000000004,0.45121562480926514,0.08500000000000002,0.6075701713562012
0.29000000000000004,0.41451725363731384,0.09000000000000002,0.4276755154132843
File: male2_sad_2a_1
0.29000000000000004,0.47637349367141724,0.08500000000000002,0.6980986595153809
0.29000000000000004,0.4526301324367523,0.09999999999999998,0.45060864090919495
0.3,0.3252180814743042,0.09499999999999997,0.47787120938301086
0.3,0.5809180736541748,0.08500000000000002,0.5030919909477234
0.29500000000000004,0.4336792230606079,0.08000000000000002,0.46696242690086365
0.29000000000000004,0.3101465702056885,0.09999999999999998,0.44484272599220276
0.3,0.3605337142944336,0.09499999999999997,0.47585931420326233
0.29000000000000004,0.4164506494998932,0.09499999999999997,0.4683351218700409
0.28,0.3108254671096802,0.10499999999999998,0.44725167751312256
File: male2_sad_3a_1
0.3,0.31812983751296997,0.12,0.413320392370224
0.315,0.21311727166175842,0.11499999999999999,0.35513433814048767
0.315,0.34211745858192444,0.09999999999999998,0.43834275007247925
0.29500000000000004,0.3376140594482422,0.10999999999999999,0.3529983162879944
0.3,0.34698426723480225,0.10499999999999998,0.5577784180641174
0.3,0.4023181200027466,0.09999999999999998,0.4208010733127594
0.29000000000000004,0.18792226910591125,0.10999999999999999,0.4405522644519806
0.28500000000000003,0.10923806577920914,0.11499999999999999,0.24173115193843842
0.29500000000000004,0.44499585032463074,0.11499999999999999,0.5560026168823242
0.29000000000000004,0.30355966091156006,0.10999999999999999,0.3519043028354645
File: male2_sad_4a_1
0.3,0.42419877648353577,0.09999999999999998,0.4655969738960266
0.29000000000000004,0.42635655403137207,0.09499999999999997,0.5516290664672852
0.28500000000000003,0.3813666105270386,0.09499999999999997,0.5633871555328369
0.28,0.3806462287902832,0.09999999999999998,0.3747711479663849
0.3,0.45858532190322876,0.10499999999999998,0.3361837565898895
0.3,0.2722069025039673,0.09999999999999998,0.426920622587204
0.28500000000000003,0.5766857862472534,0.09000000000000002,0.4225136935710907
0.28,0.42043715715408325,0.09000000000000002,0.371895432472229
0.28,0.2399473786354065,0.08000000000000002,0.3893064558506012
0.27,0.2237313687801361,0.08000000000000002,0.3686490058898926
0.27,0.2570996582508087,0.10499999999999998,0.38592877984046936
File: male2_sad_5a_1
0.28500000000000003,0.21146804094314575,0.09000000000000002,0.29229623079299927
0.3,0.3215353786945343,0.08500000000000002,0.503154993057251
0.3,0.22601854801177979,0.09999999999999998,0.3414161503314972
0.31,0.3486518859863281,0.08500000000000002,0.4843670129776001
0.3,0.3214718699455261,0.09999999999999998,0.3597355782985687
0.28500000000000003,0.164510577917099,0.09499999999999997,0.3877736032009125
0.29000000000000004,0.32147663831710815,0.08000000000000002,0.3595210611820221
0.29000000000000004,0.37796664237976074,0.08000000000000002,0.40961214900016785
0.28500000000000003,0.22503165900707245,0.09999999999999998,0.3896327614784241
File: male2_sad_6a_1
0.3,0.5443658232688904,0.10499999999999998,0.4510591924190521
0.29500000000000004,0.39084404706954956,0.09499999999999997,0.3950101435184479
0.28500000000000003,0.19599878787994385,0.09999999999999998,0.25333458185195923
0.28,0.2626868784427643,0.10499999999999998,0.3218849003314972
0.28,0.3538168668746948,0.09999999999999998,0.44332215189933777
0.3,0.3090358376502991,0.09000000000000002,0.4527250826358795
0.29500000000000004,0.3295271396636963,0.09000000000000002,0.6434645056724548
0.29500000000000004,0.250084787607193,0.09000000000000002,0.41506513953208923
0.29500000000000004,0.47643712162971497,0.07,0.3670876920223236
File: male2_sad_7a_1
0.28,0.4846383333206177,0.065,0.5877199172973633
0.28500000000000003,0.35394275188446045,0.065,0.4193856418132782
0.275,0.1474035084247589,0.08500000000000002,0.38630586862564087
0.3,0.32242488861083984,0.09000000000000002,0.4452487826347351
0.29500000000000004,0.18661543726921082,0.08000000000000002,0.3771604001522064
0.28,0.30436909198760986,0.07500000000000001,0.4307873547077179
0.29000000000000004,0.22664529085159302,0.07500000000000001,0.45505622029304504
0.29000000000000004,0.23029474914073944,0.08000000000000002,0.37912899255752563
File: male2_sad_8a_1
0.305,0.32022345066070557,0.08500000000000002,0.40080711245536804
0.29000000000000004,0.3127780258655548,0.09999999999999998,0.44152751564979553
0.29000000000000004,0.3426591455936432,0.08000000000000002,0.4948247969150543
0.28,0.4146198034286499,0.08000000000000002,0.6012365818023682
0.28,0.5123722553253174,0.09000000000000002,0.43157845735549927
0.275,0.3957102298736572,0.08500000000000002,0.4500623047351837
0.29500000000000004,0.49472659826278687,0.08500000000000002,0.4358736276626587
0.3,0.2196045070886612,0.07,0.31401780247688293
0.28500000000000003,0.4681088924407959,0.065,0.5649541020393372
0.28,0.2719590663909912,0.07,0.48410776257514954
0.28,0.42620885372161865,0.07500000000000001,0.33720871806144714
0.28,0.5008305311203003,0.09999999999999998,0.3922598361968994
File: male2_sad_9a_1
0.31,0.41474610567092896,0.09999999999999998,0.6939452886581421
0.305,0.49366331100463867,0.07500000000000001,0.6557376384735107
0.29500000000000004,0.30448392033576965,0.07,0.4311889111995697
0.29500000000000004,0.11876567453145981,0.07,0.33769434690475464
0.29000000000000004,0.5391378998756409,0.915,0.4013904929161072
0.28,0.042137231677770615,0.08500000000000002,0.22467151284217834
0.28,0.14113646745681763,0.08000000000000002,0.3292393982410431
0.29000000000000004,0.47402745485305786,0.07500000000000001,0.3762771487236023
0.28500000000000003,0.1991090625524521,0.07500000000000001,0.43742600083351135
0.28,0.38300514221191406,0.45,0.4292011559009552
File: male2_worried_10a_1
0.36,0.48153597116470337,0.455,0.5595382452011108
0.35,0.6308730244636536,0.45,0.6332306265830994
0.365,0.46742352843284607,0.435,0.5062091946601868
0.37,0.49318355321884155,0.44,0.526366114616394
0.365,0.3780938386917114,0.455,0.41137489676475525
0.355,0.5167919993400574,0.455,0.5778183937072754
0.35,0.27723807096481323,0.45,0.4485323429107666
0.345,0.225168377161026,0.45,0.3355425298213959
0.35,0.46557092666625977,0.45,0.43795567750930786
0.35,0.37219926714897156,0.455,0.4158617854118347
File: male2_worried_11a_1
0.355,0.473755419254303,0.445,0.48247167468070984
0.365,0.41971874237060547,0.44,0.4182892143726349
0.375,0.6772291660308838,0.44,0.4144721031188965
0.375,0.3606518507003784,0.46,0.4264780580997467
0.355,0.5578718185424805,0.455,0.5950426459312439
0.36,0.3776842951774597,0.45,0.518537163734436
0.37,0.5895438194274902,0.44,0.572014570236206
0.375,0.4492502808570862,0.45,0.4643893539905548
0.37,-0.014920572750270367,0.45,0.252490758895874
File: male2_worried_12a_1
0.345,0.47538965940475464,0.445,0.5556703805923462
0.33499999999999996,0.2780187726020813,0.44,0.479095458984375
0.36,0.48599329590797424,0.44,0.46383264660835266
0.365,0.5245860815048218,0.44,0.5180276036262512
0.355,0.47140204906463623,0.445,0.4910677373409271
0.35,0.43056631088256836,0.435,0.5078336000442505
0.345,0.5150700807571411,0.44,0.37063464522361755
0.33999999999999997,0.3355270028114319,0.44,0.36879274249076843
0.33999999999999997,0.3728717565536499,0.455,0.33354443311691284
File: male2_worried_13a_1
0.36,0.44097888469696045,0.45,0.5007222294807434
0.355,0.4852857291698456,0.45,0.5120862722396851
0.35,0.3675341010093689,0.435,0.44752898812294006
0.375,0.649664580821991,0.43,0.5497756004333496
0.37,0.09054137766361237,0.44,0.27905604243278503
File: male2_worried_14a_1
0.33999999999999997,0.42679929733276367,0.43,0.3291033208370209
0.36,0.4463123679161072,0.43,0.2573107182979584
0.365,0.4809841513633728,0.435,0.4285184144973755
0.355,0.5328850746154785,0.435,0.4936598539352417
0.35,0.35437411069869995,0.45,0.4367397129535675
0.345,0.5689440965652466,0.44,0.5105903744697571
0.345,0.36024442315101624,0.435,0.41551530361175537
0.35,0.49855905771255493,0.435,0.5342826843261719
0.35,0.41683998703956604,0.44,0.30370697379112244
0.355,0.5235984325408936,0.445,0.4912262558937073
0.35,0.03441254794597626,0.445,0.2789459526538849
File: male2_worried_15a_1
0.355,0.38187840580940247,0.435,0.33512407541275024
0.365,0.5394805073738098,0.435,0.28405293822288513
0.355,0.6035294532775879,0.43,0.7623045444488525
0.345,0.37419092655181885,0.435,0.5683625936508179
0.33999999999999997,0.4063461422920227,0.44,0.5211694836616516
0.345,0.40939798951148987,0.44,0.5394077301025391
0.345,0.23031437397003174,0.45,0.3871670067310333
0.33499999999999996,0.24707694351673126,0.45,0.46358951926231384
0.32999999999999996,0.3277961313724518,0.45,0.4328169822692871
0.32999999999999996,0.3210008442401886,0.45,0.3457947373390198
File: male2_worried_1a_1
0.345,0.5240650773048401,0.45,0.4815116226673126
0.33999999999999997,0.3090337812900543,0.43,0.3315618336200714
0.36,0.5414167642593384,0.435,0.43561670184135437
0.365,0.3938229978084564,0.565,0.40204545855522156
0.35,0.21719712018966675,0.45,0.3632732629776001
0.33999999999999997,0.49806544184684753,0.45,0.6856968402862549
0.33999999999999997,0.32056689262390137,0.455,0.4230162799358368
File: male2_worried_2a_1
0.35,0.4978887140750885,0.45,0.7968254089355469
0.345,0.39809250831604004,0.45,0.51120924949646
0.345,0.42630186676979065,0.435,0.33408454060554504
0.35,0.5030266046524048,0.44,0.5155419111251831
0.33999999999999997,0.41115283966064453,0.45,0.44473960995674133
0.33499999999999996,0.22283563017845154,0.45,0.4987599551677704
0.33999999999999997,0.425728976726532,0.445,0.466759592294693
0.32999999999999996,0.444252073764801,0.45,0.5649992227554321
0.32999999999999996,0.28852707147598267,0.44,0.3147684633731842
File: male2_worried_3a_1
0.35,0.3577442765235901,0.45,0.39323145151138306
0.365,0.5382627844810486,0.455,0.7026837468147278
0.365,0.4126148223876953,0.45,0.44611814618110657
0.35,0.3919675350189209,0.44,0.36145564913749695
0.355,0.41611209511756897,0.44,0.4574258029460907
0.35,0.4095945954322815,0.45,0.39679038524627686
0.345,0.2730417847633362,0.445,0.3663332164287567
0.35,0.540255069732666,0.44,0.6514236927032471
0.35,0.19950644671916962,0.45,0.25076866149902344
File: male2_worried_4a_1
0.355,0.4854048490524292,0.435,0.7235367298126221
0.35,0.5355584025382996,0.435,0.5012351870536804
0.345,0.4307829737663269,0.445,0.6230678558349609
0.33999999999999997,0.44644084572792053,0.45,0.4334096610546112
0.35,0.4955980181694031,0.44,0.357428640127182
0.35,0.427209734916687,0.44,0.475784033536911
0.355,0.6140671968460083,0.45,0.4142487347126007
0.355,0.21637412905693054,0.455,0.34145587682724
0.345,0.3918868601322174,0.455,0.4690305292606354
0.345,0.24890798330307007,0.46,0.3630610406398773
File: male2_worried_5a_1
0.33999999999999997,0.3281736969947815,0.455,0.4499782919883728
0.345,0.3565687835216522,0.45,0.40766340494155884
0.35,0.3517158627510071,0.46,0.5751349925994873
0.36,0.5517712235450745,0.46499999999999997,0.4965587556362152
0.36,0.4070920944213867,0.45,0.5279396176338196
0.35,0.34592893719673157,0.44,0.37469950318336487
0.355,0.5506353974342346,0.445,0.5517966747283936
0.35,0.3802092671394348,0.445,0.458087295293808
File: male2_worried_6a_1
0.36,0.6479167938232422,0.44,0.31690385937690735
0.355,0.41790884733200073,0.44,0.39916497468948364
0.35,0.3251268267631531,0.435,0.4265104830265045
0.345,0.39787980914115906,0.435,0.480314701795578
0.365,0.43708404898643494,0.435,0.4776238799095154
0.36,0.2721322774887085,0.445,0.31930968165397644
0.355,0.27731508016586304,0.44,0.41755250096321106
0.35,0.445939302444458,0.44,0.41635820269584656
File: male2_worried_7a_1
0.37,0.4684174060821533,0.45,0.4409182667732239
0.365,0.43488746881484985,0.45,0.5065159201622009
0.365,0.4244096279144287,0.435,0.24638248980045319
0.365,0.36226943135261536,0.46,0.38005396723747253
0.35,0.43490079045295715,0.45,0.5810649991035461
0.355,0.5470148324966431,0.445,0.7891523241996765
0.355,0.3142487406730652,0.445,0.37498682737350464
File: male2_worried_8a_1
0.365,0.4856322109699249,0.445,0.5090405344963074
0.36,0.49803799390792847,0.435,0.5128427743911743
0.35,0.45380210876464844,0.43,0.5220417976379395
0.345,0.5167927742004395,0.43,0.45419660210609436
0.345,0.3877110481262207,0.435,0.5022218823432922
0.35,0.48643893003463745,0.435,0.42628374695777893
0.355,0.4561040997505188,0.435,0.38265594840049744
0.365,0.5915754437446594,0.46,0.556221604347229
0.365,0.29002445936203003,0.455,0.3808540403842926
0.36,0.4972832202911377,0.44,0.4260570704936981
0.36,0.6680648326873779,0.435,0.585059642791748
File: male2_worried_9a_1
0.365,0.5580159425735474,0.435,0.5407482385635376
0.37,0.5353509187698364,0.43,0.754608154296875
0.35,0.32309430837631226,0.425,0.41759729385375977
0.36,0.45071738958358765,0.43,0.3941091299057007
0.36,0.17865830659866333,nan,0.40776509046554565
0.345,0.23428753018379211,nan,0.35290107131004333
0.355,0.46090489625930786,nan,0.42454060912132263
0.33999999999999997,0.26099827885627747,nan,0.2553330063819885
