True arousal,Predicted arousal,True valence,Predicted valence
File: female1_angry_10a_1
0.875,0.5512979030609131,0.25,0.3328062891960144
0.925,0.6783655285835266,0.245,0.4167468249797821
0.85,0.5911571383476257,0.21500000000000002,0.40862777829170227
0.9299999999999999,0.6358602046966553,0.21500000000000002,0.630378007888794
0.85,0.44977688789367676,0.21500000000000002,0.3291703760623932
0.865,0.6046078205108643,0.245,0.5374693870544434
0.88,0.5160764455795288,0.24,0.4192257821559906
0.88,0.5351022481918335,0.22999999999999998,0.32979142665863037
0.9,0.5615077614784241,0.21999999999999997,0.45401039719581604
0.9,0.4622601568698883,0.21000000000000002,0.34826725721359253
0.9099999999999999,0.5317551493644714,0.185,0.5432885885238647
0.9099999999999999,0.4405874013900757,0.185,0.48837026953697205
File: female1_angry_11a_1
0.9,0.643385648727417,0.235,0.3782600462436676
0.9,0.5626832842826843,0.235,0.37785908579826355
0.915,0.6603753566741943,0.2,0.242750346660614
0.935,0.5845162868499756,0.2,0.3780514597892761
0.925,0.6938508152961731,0.21000000000000002,0.2928685247898102
0.905,0.712600827217102,0.235,0.575379490852356
0.905,0.4913738965988159,0.235,0.4083116948604584
0.9,0.6829673051834106,0.22999999999999998,0.6190731525421143
0.9,0.5175825357437134,0.22999999999999998,0.4264490306377411
File: female1_angry_12a_1
0.875,0.5154904127120972,0.25,0.6646299362182617
0.875,0.6775476336479187,0.25,0.4211865961551666
0.905,0.503654420375824,0.24,0.4330972135066986
0.9099999999999999,0.7474021911621094,0.24,0.4314476251602173
0.885,0.6044280529022217,0.25,0.45731478929519653
0.915,0.48905107378959656,0.22499999999999998,0.42354875802993774
0.915,0.8369572162628174,0.22499999999999998,0.3723043203353882
0.935,0.5930356979370117,0.21000000000000002,0.40944430232048035
0.94,0.3838784992694855,0.2,0.3802078366279602
0.94,0.42490044236183167,0.21000000000000002,0.3225429356098175
File: female1_angry_13a_1
0.88,0.6463063359260559,0.245,0.8929093480110168
0.88,0.4621097147464752,0.245,0.3834734857082367
0.875,0.5162702798843384,0.24,0.4789474904537201
0.89,0.5614274144172668,0.24,0.29958486557006836
0.875,0.5821269750595093,0.25,0.4589620530605316
0.9,0.45039647817611694,0.22999999999999998,0.2961883246898651
0.9,0.557106614112854,0.22999999999999998,0.4246538579463959
0.895,0.38872450590133667,0.22999999999999998,0.2911054491996765
File: female1_angry_14a_1
0.88,0.6166545152664185,0.24,0.37470701336860657
0.9199999999999999,0.6262783408164978,0.21500000000000002,0.3685115873813629
0.9299999999999999,0.6990829110145569,0.2,0.38484737277030945
0.9199999999999999,0.6318178176879883,0.21000000000000002,0.5066543221473694
0.9,0.5351730585098267,0.21000000000000002,0.3831143081188202
0.9,0.40553611516952515,0.21500000000000002,0.4118782579898834
0.9,0.43469297885894775,0.21500000000000002,0.22122646868228912
0.9099999999999999,0.46095892786979675,0.21500000000000002,0.4920814335346222
0.9,0.43724170327186584,0.21999999999999997,0.31741824746131897
File: female1_angry_15a_1
0.885,0.5287894606590271,0.21500000000000002,0.2701365649700165
0.9,0.597274661064148,0.21999999999999997,0.477054238319397
0.915,0.6037692427635193,0.21000000000000002,0.3492530882358551
0.935,0.6308245658874512,0.2,0.2655904293060303
0.935,0.6118525266647339,0.2,0.48142269253730774
0.885,0.5747072100639343,0.195,0.5170906186103821
0.885,0.45015260577201843,0.195,0.41784465312957764
0.9,0.5921096205711365,0.20500000000000002,0.49651554226875305
0.9199999999999999,0.6148150563240051,0.2,0.3857823312282562
0.925,0.6142392158508301,0.21000000000000002,0.4960439205169678
File: female1_angry_1a_1
0.9299999999999999,0.6510754227638245,0.2,0.3465999662876129
0.9199999999999999,0.569173276424408,0.2,0.49231812357902527
0.9199999999999999,0.7013878226280212,0.19,0.39884287118911743
0.925,0.4445264935493469,0.19,0.47167786955833435
0.9,0.6650124788284302,0.21000000000000002,0.4596670866012573
0.905,0.6766349077224731,0.21000000000000002,0.7611486911773682
0.925,0.6064098477363586,0.2,0.5361706018447876
0.925,0.5287343263626099,0.2,0.4615298807621002
File: female1_angry_2a_1
0.885,0.6101884841918945,0.20500000000000002,0.8358374834060669
0.895,0.6767609715461731,0.20500000000000002,0.4770808517932892
0.9099999999999999,0.4857686460018158,0.2,0.6070885062217712
0.9099999999999999,0.6600587368011475,0.2,0.4697381258010864
0.89,0.6598998308181763,0.21999999999999997,0.6065402626991272
0.89,0.5575730800628662,0.22499999999999998,0.5534911155700684
0.9199999999999999,0.5527095794677734,0.19,0.50722736120224
0.9299999999999999,0.6071250438690186,0.19,0.5093572735786438
0.9199999999999999,0.5425177216529846,0.19,0.4784297049045563
File: female1_angry_3a_1
0.875,0.5538166761398315,0.25,0.4152572453022003
0.9,0.3865802586078644,0.22499999999999998,0.29061299562454224
0.9,0.5586162805557251,0.22499999999999998,0.4456143379211426
0.9,0.5399436354637146,0.22499999999999998,0.3703223764896393
0.885,0.53348708152771,0.22499999999999998,0.3598022758960724
0.89,0.5446697473526001,0.21999999999999997,0.5207487344741821
0.905,0.44355693459510803,0.22499999999999998,0.42829564213752747
0.9099999999999999,0.588074803352356,0.21500000000000002,0.4137447774410248
0.9099999999999999,0.49594444036483765,0.21500000000000002,0.4689168632030487
0.9099999999999999,0.31907355785369873,0.21500000000000002,0.34906813502311707
0.925,0.736384391784668,0.21000000000000002,0.8295483589172363
0.9299999999999999,0.2501891255378723,0.20500000000000002,0.3514045774936676
File: female1_angry_4a_1
0.905,0.5919314622879028,0.25,0.45640408992767334
0.915,0.6315740346908569,0.25,0.45983192324638367
0.9,0.5973774194717407,0.25,0.47907617688179016
0.9,0.6103620529174805,0.25,0.49799081683158875
0.9,0.5373339653015137,0.24,0.3135501742362976
0.9099999999999999,0.48864272236824036,0.24,0.34166768193244934
0.9099999999999999,0.6112267374992371,0.24,0.3918347656726837
0.9199999999999999,0.5942704081535339,0.22999999999999998,0.4218710958957672
0.9099999999999999,0.6278805732727051,0.22999999999999998,0.4578222930431366
0.9099999999999999,0.418819785118103,0.235,0.3894471824169159
0.9,0.4239521324634552,0.24,0.4195823669433594
0.9,0.3573644757270813,0.24,0.34031128883361816
File: female1_angry_5a_1
0.875,0.5219405889511108,0.24,0.48810267448425293
0.89,0.571373701095581,0.22999999999999998,0.41062992811203003
0.89,0.5468007326126099,0.22499999999999998,0.38089650869369507
0.89,0.3915731906890869,0.22999999999999998,0.3369389474391937
0.9,0.5146079659461975,0.22499999999999998,0.46415066719055176
0.9,0.6067867279052734,0.22499999999999998,0.39678147435188293
0.88,0.48792827129364014,0.24,0.3979768455028534
0.9099999999999999,0.5788887739181519,0.21500000000000002,0.4743526577949524
0.905,0.45475417375564575,0.21500000000000002,0.4676048159599304
0.905,0.4705969989299774,0.21500000000000002,0.372683584690094
File: female1_angry_6a_1
0.89,0.6847622394561768,0.21999999999999997,0.9248948097229004
0.89,0.7420068979263306,0.21999999999999997,0.5435973405838013
0.895,0.6148837208747864,0.21500000000000002,0.41845348477363586
0.895,0.5427336692810059,0.21999999999999997,0.29252561926841736
0.885,0.5667799115180969,0.235,0.4249604642391205
0.895,0.5684018135070801,0.21500000000000002,0.47090789675712585
0.895,0.5066206455230713,0.21999999999999997,0.4946187734603882
0.895,0.5035436749458313,0.21999999999999997,0.5332274436950684
0.89,0.5901706218719482,0.21999999999999997,0.32297539710998535
File: female1_angry_7a_1
0.9,0.6637171506881714,0.21999999999999997,0.5766479969024658
0.915,0.5826244950294495,0.22499999999999998,0.4242219030857086
0.925,0.641328752040863,0.22499999999999998,0.41671043634414673
0.935,0.6198496222496033,0.21500000000000002,0.4455600678920746
0.9,0.7335207462310791,0.21999999999999997,0.3349030315876007
0.9,0.551860511302948,0.21999999999999997,0.42105022072792053
0.935,0.878403902053833,0.21000000000000002,0.3858782947063446
0.935,0.5647463202476501,0.21000000000000002,0.42215973138809204
File: female1_angry_8a_1
0.89,0.49974966049194336,0.25,0.3353005051612854
0.89,0.6797028183937073,0.25,0.5257363319396973
0.885,0.5798640251159668,0.255,0.50154048204422
0.885,0.5098122358322144,0.255,0.36835193634033203
0.885,0.7178241014480591,0.25,0.6561411023139954
0.89,0.5630190372467041,0.25,0.4450629949569702
0.9,0.6108721494674683,0.22499999999999998,0.43614304065704346
0.905,0.6450030207633972,0.21999999999999997,0.34590041637420654
0.9,0.6086975336074829,0.21000000000000002,0.5127145648002625
0.9,0.535882830619812,0.20500000000000002,0.3315451145172119
0.9,0.49474573135375977,0.21000000000000002,0.3583751618862152
File: female1_angry_9a_1
0.925,0.7733266949653625,0.235,0.46746352314949036
0.9,0.6632450819015503,0.25,0.6437346935272217
0.9299999999999999,0.6274996399879456,0.21999999999999997,0.4258025586605072
0.9299999999999999,0.588166356086731,0.21999999999999997,0.5269771814346313
0.9099999999999999,0.68851637840271,0.24,0.3772335648536682
0.925,0.5039964318275452,0.22499999999999998,0.4437684118747711
0.9299999999999999,0.6719391345977783,0.22499999999999998,0.6454776525497437
0.9299999999999999,0.6114501953125,0.22499999999999998,0.3906707465648651
File: female1_excited_10a_1
0.88,0.5978140234947205,0.875,0.3290160596370697
0.885,0.677136242389679,0.87,0.5524461269378662
0.88,0.614079475402832,0.885,0.5234929919242859
0.885,0.5704113245010376,0.885,0.5470322966575623
0.885,0.577726423740387,0.88,0.3730793297290802
0.88,0.4754389822483063,0.87,0.47651004791259766
0.88,0.4456002116203308,0.89,0.42661502957344055
0.875,0.5223903656005859,0.875,0.39929983019828796
0.875,0.488996684551239,0.87,0.4645927846431732
0.875,0.42812854051589966,0.87,0.3856446146965027
0.87,0.4800387918949127,0.87,0.4836635887622833
File: female1_excited_11a_1
0.89,0.5997366905212402,0.885,0.4551626741886139
0.9,0.5870895385742188,0.89,0.35776287317276
0.925,0.5580395460128784,0.9,0.2677123546600342
0.9299999999999999,0.71632319688797,0.905,0.42213746905326843
0.915,0.47505342960357666,0.89,0.46655288338661194
0.915,0.6276739239692688,0.89,0.4304581582546234
0.9199999999999999,0.557050347328186,0.905,0.42049047350883484
0.925,0.5795756578445435,0.9099999999999999,0.4831320345401764
0.925,0.7658321857452393,0.9099999999999999,0.4892504811286926
File: female1_excited_12a_1
0.895,0.6196430921554565,0.9199999999999999,0.5106921792030334
0.9,0.7483261823654175,0.9199999999999999,0.47757694125175476
0.9,0.4715564250946045,0.9099999999999999,0.3168469965457916
0.895,0.6592708230018616,0.9099999999999999,0.4296777546405792
0.885,0.7438962459564209,0.905,0.42832309007644653
0.9,0.6228004097938538,0.915,0.4984644949436188
0.9,0.5787943601608276,0.9199999999999999,0.5300328135490417
0.9,0.5059744119644165,0.9199999999999999,0.5244571566581726
0.9,0.4338417649269104,0.9199999999999999,0.2832702100276947
File: female1_excited_13a_1
0.9199999999999999,0.7611302137374878,0.9299999999999999,0.23673075437545776
0.915,0.6224926710128784,0.925,0.32345759868621826
0.9099999999999999,0.5109487771987915,0.9099999999999999,0.35501745343208313
0.9099999999999999,0.5562387108802795,0.9099999999999999,0.4745941162109375
0.9,0.6083511114120483,0.905,0.5261253118515015
0.915,0.5759013891220093,0.9199999999999999,0.3337913453578949
0.915,0.5176708698272705,0.9199999999999999,0.37151265144348145
0.915,0.41325831413269043,0.915,0.32574692368507385
File: female1_excited_14a_1
0.89,0.5819410681724548,0.885,0.4044891893863678
0.895,0.6406569480895996,0.885,0.3311674892902374
0.89,0.5328636765480042,0.895,0.33352506160736084
0.89,0.5591932535171509,0.905,0.3856830298900604
0.9,0.6531514525413513,0.905,0.5449838638305664
0.885,0.5120546817779541,0.9,0.2732546925544739
0.905,0.5070627331733704,0.9199999999999999,0.42764484882354736
0.905,0.5198479294776917,0.915,0.41026315093040466
0.905,0.46108776330947876,0.915,0.48779061436653137
File: female1_excited_15a_1
0.915,0.5884731411933899,0.925,0.32896047830581665
0.9099999999999999,0.7922491431236267,0.9199999999999999,0.49277302622795105
0.89,0.5704976320266724,0.905,0.3992188274860382
0.9,0.45922932028770447,0.915,0.33313485980033875
0.9,0.5221534371376038,0.915,0.34597253799438477
0.89,0.6176742315292358,0.9,0.5396060943603516
0.9,0.5062692761421204,0.9,0.37290462851524353
0.905,0.6504358053207397,0.9099999999999999,0.4578549563884735
0.9099999999999999,0.4089994728565216,0.9199999999999999,0.41642656922340393
0.9099999999999999,0.5139564871788025,0.9099999999999999,0.5282760858535767
File: female1_excited_1a_1
0.915,0.5696108341217041,0.905,0.4947001039981842
0.9,0.6068073511123657,0.905,0.5532804131507874
0.905,0.7437903881072998,0.9099999999999999,0.20982705056667328
0.9099999999999999,0.7371795177459717,0.9099999999999999,0.6112093925476074
0.9,0.5956447124481201,0.9,0.3087703287601471
0.9,0.7058882713317871,0.9,0.521113395690918
0.915,0.5259490609169006,0.9099999999999999,0.3861525058746338
0.9,0.6702343225479126,0.9099999999999999,0.6551137566566467
0.89,0.5030760169029236,0.905,0.4234481155872345
File: female1_excited_2a_1
0.9099999999999999,0.6858476996421814,0.89,0.6684367656707764
0.905,0.6574136018753052,0.895,0.5899426937103271
0.9,0.5837819576263428,0.895,0.5625202059745789
0.9199999999999999,0.6281841397285461,0.915,0.4888456165790558
0.9199999999999999,0.5149632096290588,0.9199999999999999,0.3975100815296173
0.89,0.7030953168869019,0.9099999999999999,0.548117995262146
0.88,0.5346986651420593,0.9,0.44535312056541443
0.9,0.4953613877296448,0.905,0.5928569436073303
0.9,0.647687554359436,0.905,0.5869654417037964
0.895,0.5198531150817871,0.9,0.47244471311569214
File: female1_excited_3a_1
0.88,0.5218520760536194,0.875,0.4126618206501007
0.905,0.573765218257904,0.89,0.5596178770065308
0.905,0.6175622344017029,0.895,0.4173498749732971
0.885,0.624177098274231,0.88,0.45009762048721313
0.885,0.746690034866333,0.88,0.25022757053375244
0.9,0.640941321849823,0.895,0.5687367916107178
0.9,0.5718466639518738,0.89,0.5127274990081787
0.89,0.48967793583869934,0.875,0.28871336579322815
0.905,0.7002550959587097,0.89,0.5228608250617981
0.9,0.34246447682380676,0.89,0.2930954694747925
File: female1_excited_4a_1
0.915,0.7041478157043457,0.915,0.5308369398117065
0.905,0.5276252031326294,0.915,0.4707340896129608
0.915,0.7533209919929504,0.915,0.48671674728393555
0.905,0.7006703615188599,0.9099999999999999,0.4773383140563965
0.9099999999999999,0.5364508032798767,0.9199999999999999,0.30733808875083923
0.9099999999999999,0.6795387268066406,0.915,0.620879590511322
0.905,0.7021536827087402,0.915,0.43030139803886414
0.915,0.6608779430389404,0.905,0.3954057991504669
0.905,0.4700140953063965,0.9,0.33684873580932617
0.9,0.5610297918319702,0.9,0.37652385234832764
0.89,0.45869648456573486,0.89,0.49110329151153564
File: female1_excited_5a_1
0.885,0.4629829525947571,0.89,0.3618980646133423
0.905,0.7840796709060669,0.9199999999999999,0.4903666377067566
0.905,0.6116827130317688,0.915,0.28448179364204407
0.915,0.5404031276702881,0.925,0.437587171792984
0.915,0.6525276303291321,0.9299999999999999,0.3469487130641937
0.905,0.6771977543830872,0.9199999999999999,0.39326390624046326
0.89,0.4849136173725128,0.915,0.42329999804496765
0.9199999999999999,0.5843837261199951,0.925,0.3794831931591034
0.915,0.6667625904083252,0.925,0.5319372415542603
0.915,0.44819891452789307,0.925,0.39941897988319397
File: female1_excited_6a_1
0.895,0.6695896983146667,0.9,0.2922423481941223
0.9,0.5307650566101074,0.895,0.4963081479072571
0.885,0.6247392296791077,0.905,0.39141181111335754
0.885,0.6145094633102417,0.9,0.23764118552207947
0.895,0.6174319982528687,0.885,0.39836612343788147
0.9199999999999999,0.594173789024353,0.9,0.514666736125946
0.915,0.5546372532844543,0.905,0.38877788186073303
0.9199999999999999,0.6899577379226685,0.9,0.5537320375442505
0.915,0.557600736618042,0.9,0.42021486163139343
0.915,0.4004126787185669,0.895,0.35735946893692017
File: female1_excited_7a_1
0.905,0.6413231492042542,0.925,0.4484419822692871
0.9,0.6011476516723633,0.9199999999999999,0.5098880529403687
0.9,0.6713220477104187,0.9199999999999999,0.5158519744873047
0.925,0.704131007194519,0.925,0.38151201605796814
0.9,0.5942963361740112,0.905,0.2224714159965515
0.895,0.6343333125114441,0.885,0.5933775901794434
0.9,0.3939390182495117,0.885,0.3383045196533203
0.915,0.7772638201713562,0.9099999999999999,0.8310939073562622
0.9099999999999999,0.5030904412269592,0.915,0.4147154688835144
File: female1_excited_8a_1
0.895,0.6237537860870361,0.915,0.4615522623062134
0.895,0.5901769399642944,0.9099999999999999,0.5602481365203857
0.9,0.4959034323692322,0.915,0.4223114848136902
0.9,0.4923279583454132,0.915,0.5091480016708374
0.885,0.6269116997718811,0.895,0.4144180715084076
0.9,0.6114570498466492,0.915,0.3929939270019531
0.905,0.623821496963501,0.915,0.5772831439971924
0.9099999999999999,0.5726046562194824,0.915,0.43837592005729675
0.9,0.4199931025505066,0.9099999999999999,0.3630894720554352
0.9,0.5327733755111694,0.9099999999999999,0.3480658233165741
File: female1_excited_9a_1
0.9,0.7214785814285278,0.9199999999999999,0.4845137596130371
0.895,0.6671217083930969,0.9099999999999999,0.6816158294677734
0.885,0.5749129056930542,0.915,0.39460471272468567
0.915,0.6173254251480103,0.9199999999999999,0.4894140064716339
0.9199999999999999,0.5239653587341309,0.9199999999999999,0.41163837909698486
0.9,0.6242377758026123,0.905,0.3821240961551666
0.9099999999999999,0.4805722236633301,0.925,0.34950026869773865
0.9199999999999999,0.7758424878120422,0.925,0.43065905570983887
0.925,0.5207951664924622,0.9299999999999999,0.451508492231369
0.925,0.4417775869369507,0.9299999999999999,0.33613330125808716
File: female1_happy_10a_1
0.565,0.42623892426490784,0.935,0.34114667773246765
0.58,0.5439738035202026,0.925,0.5319859981536865
0.605,0.5483722686767578,0.94,0.48662111163139343
0.6,0.5032632946968079,0.9450000000000001,0.5960140228271484
0.6,0.3997582793235779,0.94,0.3160190284252167
0.5700000000000001,0.5194518566131592,0.9299999999999999,0.6142683029174805
0.585,0.5897501707077026,0.935,0.7019568085670471
0.575,0.46912482380867004,0.9450000000000001,0.48867735266685486
0.58,0.5356286764144897,0.9450000000000001,0.4510221779346466
0.615,0.41592711210250854,0.95,0.3444095551967621
0.615,0.5307030081748962,0.94,0.46517547965049744
0.6,0.3804017901420593,0.94,0.3982381820678711
File: female1_happy_11a_1
0.5700000000000001,0.5621278285980225,0.9450000000000001,0.5264145731925964
0.585,0.5441967248916626,0.95,0.46414586901664734
0.6,0.4684286415576935,0.935,0.2358177900314331
0.6,0.7644021511077881,0.94,0.4265737235546112
0.585,0.4831065833568573,0.94,0.5463674068450928
0.575,0.537455141544342,0.94,0.4160890579223633
0.575,0.5049991011619568,0.95,0.42617058753967285
0.565,0.47883132100105286,0.9550000000000001,0.3629859983921051
0.56,0.23548097908496857,0.95,0.3852404057979584
File: female1_happy_12a_1
0.6,0.4436967372894287,0.9550000000000001,0.48674190044403076
0.605,0.596598744392395,0.9550000000000001,0.42765501141548157
0.59,0.5731622576713562,0.95,0.4659236967563629
0.59,0.5935436487197876,0.9450000000000001,0.43835213780403137
0.615,0.6274334788322449,0.935,0.5385663509368896
0.605,0.5917549133300781,0.94,0.5365460515022278
0.63,0.6810483932495117,0.9550000000000001,0.4450629651546478
0.63,0.48952165246009827,0.96,0.4941265285015106
0.615,0.4245099425315857,0.95,0.33971521258354187
File: female1_happy_13a_1
0.59,0.5262268781661987,0.96,0.876417875289917
0.6,0.4608615040779114,0.9550000000000001,0.33692553639411926
0.59,0.3855472207069397,0.94,0.3035892844200134
0.585,0.4624927043914795,0.9450000000000001,0.3792871832847595
0.565,0.4969404935836792,0.935,0.4843713939189911
0.575,0.5055158138275146,0.95,0.38685694336891174
0.5700000000000001,0.4213094413280487,0.95,0.40740203857421875
0.5700000000000001,0.6018550395965576,0.95,0.6067829132080078
File: female1_happy_14a_1
0.59,0.6007705926895142,0.9299999999999999,0.3172886371612549
0.58,0.5833022594451904,0.935,0.449205219745636
0.58,0.49471163749694824,0.935,0.3678538501262665
0.585,0.5956869125366211,0.9450000000000001,0.4773978590965271
0.585,0.5715689659118652,0.94,0.4384681284427643
0.5700000000000001,0.3961530029773712,0.9299999999999999,0.412241131067276
0.59,0.4507390260696411,0.9450000000000001,0.4157037138938904
0.595,0.37623804807662964,0.9450000000000001,0.3392046093940735
0.59,0.5093927383422852,0.94,0.3705480396747589
File: female1_happy_15a_1
0.615,0.5717494487762451,0.9650000000000001,0.4709703028202057
0.61,0.6515957713127136,0.96,0.3767024576663971
0.59,0.5169075727462769,0.935,0.3400922119617462
0.6,0.47142115235328674,0.9550000000000001,0.48640957474708557
0.6,0.4507720172405243,0.9550000000000001,0.3354935348033905
0.605,0.6169744729995728,0.94,0.5103564262390137
0.605,0.5461660027503967,0.95,0.34164735674858093
0.61,0.5762214660644531,0.9550000000000001,0.3986465036869049
0.62,0.5538854002952576,0.9650000000000001,0.39067402482032776
0.615,0.45383721590042114,0.96,0.47590163350105286
File: female1_happy_1a_1
0.62,0.5215534567832947,0.9650000000000001,0.4790407121181488
0.625,0.5511901378631592,0.97,0.5048568844795227
0.61,0.7392522692680359,0.975,0.20403870940208435
0.615,0.7804194688796997,0.9550000000000001,0.42529359459877014
0.6,0.4571661353111267,0.9550000000000001,0.4285072982311249
0.595,0.6492882966995239,0.9650000000000001,0.5194571018218994
0.615,0.5042628049850464,0.96,0.5332323312759399
0.605,0.5592035055160522,0.9550000000000001,0.6323261260986328
0.605,0.4770684242248535,0.9550000000000001,0.39406970143318176
File: female1_happy_2a_1
0.6,0.5719783306121826,0.95,0.929155707359314
0.6,0.597375214099884,0.95,0.55076664686203
0.59,0.5707253813743591,0.9450000000000001,0.5618274211883545
0.59,0.6282291412353516,0.94,0.5001825094223022
0.58,0.5670738816261292,0.94,0.6060894727706909
0.575,0.48196840286254883,0.95,0.41466376185417175
0.6,0.4756506383419037,0.95,0.423814594745636
0.6,0.4955245554447174,0.94,0.4017159044742584
0.59,0.45301738381385803,0.94,0.42571333050727844
0.59,0.4706026315689087,0.9199999999999999,0.43396204710006714
File: female1_happy_3a_1
0.565,0.4642643630504608,0.935,0.35295596718788147
0.585,0.48203879594802856,0.935,0.4684969186782837
0.585,0.504801869392395,0.925,0.47081926465034485
0.575,0.5442798137664795,0.94,0.458219438791275
0.59,0.6419879198074341,0.94,0.2968733012676239
0.585,0.4519527852535248,0.935,0.4670916199684143
0.585,0.3837580978870392,0.925,0.33904778957366943
0.5700000000000001,0.26520198583602905,0.94,0.2503218948841095
0.565,0.4284522235393524,0.94,0.4006529748439789
0.565,0.5015575289726257,0.95,0.38763535022735596
File: female1_happy_4a_1
0.605,0.4708218574523926,0.95,0.3825044631958008
0.6,0.571934163570404,0.9450000000000001,0.4712176024913788
0.595,0.5848548412322998,0.9299999999999999,0.4582567512989044
0.585,0.5194302797317505,0.935,0.4452773630619049
0.595,0.5054852962493896,0.935,0.3022116720676422
0.59,0.4729688763618469,0.94,0.5683379173278809
0.59,0.5795096158981323,0.9450000000000001,0.48568829894065857
0.595,0.6290836930274963,0.9450000000000001,0.4460631310939789
0.595,0.3156474828720093,0.9299999999999999,0.38689664006233215
0.58,0.44084715843200684,0.9299999999999999,0.3330719470977783
0.58,0.32663002610206604,0.935,0.4549918472766876
File: female1_happy_5a_1
0.575,0.37788480520248413,0.96,0.3791255056858063
0.61,0.5806726217269897,0.95,0.23202329874038696
0.61,0.5419398546218872,0.9550000000000001,0.4309135973453522
0.605,0.35998502373695374,0.95,0.41216012835502625
0.6,0.5500405430793762,0.95,0.4588537812232971
0.6,0.4939059615135193,0.9450000000000001,0.3722454011440277
0.59,0.46531304717063904,0.9550000000000001,0.3836105167865753
0.595,0.4005213677883148,0.9550000000000001,0.550258219242096
0.59,0.3149072527885437,0.96,0.4554101526737213
File: female1_happy_6a_1
0.61,0.6692753434181213,0.95,0.9557676911354065
0.615,0.7557010650634766,0.935,0.8181817531585693
0.6,0.48279327154159546,0.935,0.49666455388069153
0.595,0.5624412894248962,0.94,0.2824034094810486
0.59,0.5708001852035522,0.94,0.507003128528595
0.605,0.6511749029159546,0.935,0.469367116689682
0.6,0.5442421436309814,0.9299999999999999,0.7530895471572876
0.59,0.3801921308040619,0.9299999999999999,0.3812074363231659
0.59,0.4745836853981018,0.94,0.3478098213672638
File: female1_happy_7a_1
0.59,0.6163586378097534,0.935,0.4124086797237396
0.59,0.5126183032989502,0.97,0.5237547755241394
0.62,0.585898756980896,0.975,0.43430402874946594
0.615,0.5302299857139587,0.96,0.42350420355796814
0.6,0.5074701309204102,0.95,0.23423998057842255
0.6,0.5105593204498291,0.95,0.3975409269332886
0.59,0.4289286434650421,0.97,0.35240352153778076
0.59,0.3327708840370178,0.9550000000000001,0.4420417845249176
0.585,0.5468444228172302,0.9650000000000001,0.33229684829711914
File: female1_happy_8a_1
0.61,0.5834720134735107,0.95,0.5017790198326111
0.615,0.5627930164337158,0.94,0.5026156306266785
0.6,0.5058184266090393,0.935,0.45077764987945557
0.6,0.44528406858444214,0.9450000000000001,0.37099936604499817
0.605,0.5392680168151855,0.9450000000000001,0.5143822431564331
0.61,0.4692167639732361,0.9450000000000001,0.40984413027763367
0.605,0.44459155201911926,0.9550000000000001,0.2587880790233612
0.615,0.6739095449447632,0.95,0.5737550854682922
0.605,0.4659297466278076,0.95,0.500224232673645
0.605,0.42992448806762695,0.9450000000000001,0.33450987935066223
0.605,0.4116000533103943,0.95,0.32127949595451355
File: female1_happy_9a_1
0.59,0.4793448746204376,0.95,0.46394476294517517
0.585,0.6525161266326904,0.94,0.47649967670440674
0.575,0.41788947582244873,0.9550000000000001,0.40010499954223633
0.6,0.5407858490943909,0.95,0.4132674038410187
0.595,0.5054522752761841,0.94,0.40725281834602356
0.585,0.5137240290641785,0.94,0.42357680201530457
0.585,0.4698331952095032,0.9650000000000001,0.381635457277298
0.6,0.5801941156387329,0.9650000000000001,0.4322861433029175
0.605,0.46827825903892517,0.96,0.44238540530204773
0.6,0.5098363161087036,0.49,0.34865179657936096
File: female1_neutral_10a_1
0.505,0.34034278988838196,0.5,0.33922630548477173
0.5,0.57208251953125,0.5,0.4533352553844452
0.5,0.561630368232727,0.49,0.5061898827552795
0.51,0.5090398192405701,0.485,0.5454704761505127
0.51,0.42366650700569153,0.5,0.37096405029296875
0.505,0.4292808175086975,0.505,0.5507767200469971
0.5,0.4377039968967438,0.5,0.5034002065658569
0.495,0.42774081230163574,0.495,0.479678213596344
0.5,0.35837361216545105,0.495,0.2855575382709503
0.52,0.3961324691772461,0.5,0.40741994976997375
0.51,0.5008004307746887,0.505,0.47991809248924255
File: female1_neutral_11a_1
0.5,0.36620765924453735,0.505,0.3673911988735199
0.5,0.4868135452270508,0.485,0.3690439760684967
0.505,0.4190164804458618,0.475,0.21502427756786346
0.505,0.569946825504303,0.48,0.35428526997566223
0.51,0.4425252676010132,0.49,0.32941433787345886
0.515,0.5001949071884155,0.49,0.4908768832683563
0.505,0.532282292842865,0.495,0.42605140805244446
0.52,0.4794667959213257,0.5,0.39858129620552063
0.515,0.5604845881462097,0.5,0.5869336128234863
0.515,0.46979910135269165,0.495,0.4069969058036804
File: female1_neutral_12a_1
0.495,0.3236110508441925,0.495,0.4493233561515808
0.5,0.5523101091384888,0.51,0.47001850605010986
0.505,0.48955821990966797,0.51,0.45629557967185974
0.505,0.505861222743988,0.5,0.4095340669155121
0.495,0.43608495593070984,0.5,0.4195241928100586
0.5,0.3476479947566986,0.49,0.3836481273174286
0.51,0.39031335711479187,0.49,0.42662861943244934
0.52,0.3860762417316437,0.49,0.3684086799621582
0.515,0.40323394536972046,0.515,0.34920236468315125
File: female1_neutral_13a_1
0.515,0.46873897314071655,0.52,0.6051673293113708
0.52,0.480630099773407,0.51,0.4411680996417999
0.51,0.4043528735637665,0.515,0.32039639353752136
0.51,0.4546814560890198,0.505,0.3359556496143341
0.5,0.35560476779937744,0.515,0.4017224907875061
0.5,0.43572282791137695,0.515,0.43459799885749817
0.5,0.47898218035697937,0.51,0.46279260516166687
File: female1_neutral_14a_1
0.5,0.6158956289291382,0.505,0.41710296273231506
0.505,0.5574225187301636,0.505,0.35132160782814026
0.5,0.5517353415489197,0.515,0.46577224135398865
0.515,0.5189241170883179,0.5,0.4143289029598236
0.5,0.41535502672195435,0.52,0.41401737928390503
0.515,0.5093803405761719,0.515,0.4029203951358795
0.51,0.36232802271842957,0.515,0.43068668246269226
0.51,0.44965308904647827,0.5,0.294686883687973
File: female1_neutral_15a_1
0.495,0.4014979302883148,0.5,0.340558260679245
0.5,0.43887823820114136,0.505,0.5634675025939941
0.495,0.39868730306625366,0.515,0.45106837153434753
0.51,0.42472729086875916,0.51,0.42929455637931824
0.51,0.4244438409805298,0.5,0.46479466557502747
0.505,0.5085722208023071,0.485,0.43611273169517517
0.51,0.35655179619789124,0.48,0.3581727147102356
0.515,0.4328104853630066,0.51,0.4481908082962036
0.51,0.6525528430938721,0.51,0.3841734230518341
0.495,0.3829980492591858,0.495,0.4692099988460541
File: female1_neutral_1a_1
0.515,0.38312622904777527,0.5,0.3520960509777069
0.51,0.4956434369087219,0.5,0.5436215996742249
0.49,0.46894627809524536,0.495,0.43318575620651245
0.485,0.5493717193603516,0.495,0.5041044354438782
0.485,0.4927542209625244,0.5,0.40606722235679626
0.505,0.5513440370559692,0.51,0.45658770203590393
0.51,0.4745314121246338,0.5,0.6048460602760315
0.505,0.4945862293243408,0.5,0.6088709235191345
0.505,0.3613281846046448,0.505,0.41034990549087524
File: female1_neutral_2a_1
0.51,0.5352492928504944,nan,0.7788680791854858
0.515,0.5015100836753845,0.51,0.46871164441108704
0.515,0.5404495596885681,0.51,0.5750165581703186
0.505,0.5290823578834534,0.51,0.496047705411911
0.505,0.5321640372276306,0.5,0.6257822513580322
0.495,0.6189682483673096,0.5,0.4278899133205414
0.505,0.3662710189819336,0.515,0.37961727380752563
0.515,0.535001277923584,0.505,0.4854907989501953
0.51,0.46458080410957336,0.505,0.4973720610141754
0.5,0.3780656158924103,0.495,0.39062419533729553
File: female1_neutral_3a_1
0.5,0.27167150378227234,0.5,0.30935564637184143
0.515,0.3133580684661865,0.505,0.3197612464427948
0.515,0.42604702711105347,0.505,0.3693530857563019
0.51,0.2915230393409729,0.5,0.2958129346370697
0.5,0.5327114462852478,0.49,0.4346429407596588
0.52,0.4917866587638855,0.495,0.39236658811569214
0.515,0.5785561800003052,0.505,0.6537742614746094
0.505,0.5102241039276123,0.515,0.4913804233074188
0.51,0.45014309883117676,0.515,0.3860238790512085
0.51,0.28213632106781006,0.515,0.321522980928421
File: female1_neutral_4a_1
0.515,0.506094217300415,0.515,0.49787062406539917
0.52,0.4919489622116089,0.52,0.4620594382286072
0.505,0.4469178318977356,0.515,0.41983553767204285
0.5,0.5548385381698608,0.51,0.41118237376213074
0.51,0.5421521663665771,0.51,0.36519384384155273
0.51,0.3738938570022583,0.51,0.3896665871143341
0.5,0.4795345067977905,0.515,0.40806683897972107
0.505,0.5377911925315857,0.505,0.42971813678741455
0.495,0.24296773970127106,0.5,0.37984779477119446
0.5,0.4039222300052643,0.5,0.36256542801856995
0.5,0.34195393323898315,0.5,0.4437163174152374
File: female1_neutral_5a_1
0.505,0.2858765423297882,0.52,0.25675779581069946
0.52,0.3763008713722229,0.52,0.3255777060985565
0.515,0.4326886236667633,0.525,0.336034893989563
0.515,0.33776646852493286,0.525,0.3757895529270172
0.51,0.37595057487487793,0.5,0.43665221333503723
0.5,0.534046471118927,0.495,0.46585047245025635
0.52,0.4582298696041107,0.495,0.4086799919605255
0.515,0.4224945306777954,0.5,0.3900947868824005
0.515,0.4598197340965271,0.515,0.4592422842979431
File: female1_neutral_6a_1
0.52,0.6281827688217163,0.51,0.6062638163566589
0.52,0.5222364664077759,0.5,0.6196093559265137
0.51,0.5021792054176331,0.495,0.5493837594985962
0.505,0.5331443548202515,0.495,0.37041500210762024
0.495,0.4525894224643707,0.49,0.3973691165447235
0.52,0.4508441686630249,0.485,0.41474443674087524
0.52,0.5663604140281677,0.48,0.72251957654953
0.52,0.3959842324256897,0.48,0.4801507592201233
0.515,0.44204509258270264,0.5,0.32745102047920227
File: female1_neutral_7a_1
0.495,0.484296977519989,0.51,0.44452062249183655
0.5,0.5604072213172913,0.515,0.4659857451915741
0.515,0.47845327854156494,0.515,0.3419036567211151
0.515,0.37606245279312134,0.525,0.32425808906555176
0.505,0.4462587535381317,0.5,0.4533390998840332
0.5,0.4282674193382263,0.52,0.3671770989894867
0.515,0.4851911664009094,0.515,0.5264338254928589
0.515,0.28228145837783813,0.495,0.3971894085407257
File: female1_neutral_8a_1
0.505,0.47381699085235596,0.505,0.41537946462631226
0.51,0.5790488123893738,0.505,0.5368369221687317
0.51,0.477344810962677,0.49,0.4943443536758423
0.5,0.41729336977005005,0.49,0.3636537492275238
0.505,0.49022620916366577,0.505,0.5627202987670898
0.495,0.43292734026908875,0.5,0.3703530430793762
0.49,0.38659223914146423,0.48,0.33527716994285583
0.5,0.4775996506214142,0.475,0.6368240714073181
0.505,0.4302389621734619,0.475,0.44024187326431274
0.5,0.43699273467063904,0.485,0.3239558935165405
0.5,0.39124611020088196,0.5,0.3991600573062897
File: female1_neutral_9a_1
0.505,0.5893697142601013,0.495,0.4552701413631439
0.5,0.5897771716117859,0.515,0.6850684881210327
0.515,0.4300761818885803,0.52,0.4801224172115326
0.515,0.4969750642776489,0.515,0.4169919192790985
0.51,0.3829270005226135,0.5,0.36927270889282227
0.495,0.42908352613449097,0.5,0.46962055563926697
0.51,0.3853755593299866,0.485,0.3579070270061493
0.5,0.4344685971736908,0.485,0.5332387685775757
0.5,0.49638426303863525,0.065,0.3950944244861603
File: female1_sad_10a_1
0.265,0.4325574040412903,0.07,0.33033451437950134
0.26,0.5964966416358948,0.07,0.5910417437553406
0.25,0.34415170550346375,0.05499999999999999,0.35128363966941833
0.27,0.5290797352790833,0.04999999999999999,0.3489436209201813
0.26,0.3866526484489441,0.04999999999999999,0.4082409143447876
0.245,0.4023815393447876,0.07,0.33721181750297546
0.26,0.37466126680374146,0.06,0.49568459391593933
0.27,0.3583793044090271,0.04999999999999999,0.3803845942020416
0.27,0.3335447311401367,0.044999999999999984,0.37908777594566345
0.27,0.25998586416244507,0.05499999999999999,0.35437899827957153
0.28,0.36287829279899597,0.05499999999999999,0.4276563823223114
0.28500000000000003,0.4415448009967804,0.06,0.49936825037002563
0.28500000000000003,0.3101764917373657,0.04999999999999999,0.47143635153770447
File: female1_sad_11a_1
0.24,0.5139471292495728,0.06,0.46696925163269043
0.22999999999999998,0.4768429100513458,0.03999999999999998,0.3826294243335724
0.26,0.3634534776210785,0.044999999999999984,0.19715553522109985
0.265,0.4584808945655823,0.06,0.36811017990112305
0.255,0.4954255223274231,0.06,0.3431342840194702
0.26,0.35561347007751465,0.04999999999999999,0.41391971707344055
0.25,0.3759785294532776,0.034999999999999976,0.5056853890419006
0.24,0.4105195999145508,0.034999999999999976,0.545365035533905
0.235,0.35424739122390747,0.03999999999999998,0.3860623240470886
0.235,0.5039059519767761,0.06,0.3716185986995697
File: female1_sad_12a_1
0.25,0.2821658253669739,0.065,0.37381958961486816
0.24,0.6052286028862,0.044999999999999984,0.4485497772693634
0.27,0.3626081347465515,0.04999999999999999,0.42655447125434875
0.27,0.40734368562698364,0.04999999999999999,0.4354739487171173
0.27,0.3118663430213928,0.065,0.325204074382782
0.25,0.4196387529373169,0.05499999999999999,0.43800708651542664
0.245,0.3735266327857971,0.034999999999999976,0.5101704597473145
0.235,0.3120454251766205,0.03999999999999998,0.3894710838794708
0.22999999999999998,0.23193642497062683,0.034999999999999976,0.3195817470550537
0.22999999999999998,0.49077385663986206,0.04999999999999999,0.3459150493144989
File: female1_sad_13a_1
0.27,0.44131404161453247,0.06,0.44864803552627563
0.265,0.3734540343284607,0.05499999999999999,0.4744025468826294
0.275,0.47940492630004883,0.04999999999999999,0.3300117254257202
0.26,0.4854128658771515,0.04999999999999999,0.44897621870040894
0.25,0.31980934739112854,0.05499999999999999,0.27458009123802185
0.24,0.264260470867157,0.03999999999999998,0.39191877841949463
0.255,0.2521405518054962,0.034999999999999976,0.3460722267627716
0.245,0.2346540242433548,0.034999999999999976,0.3755365312099457
0.235,0.3966566324234009,0.065,0.4186042249202728
File: female1_sad_14a_1
0.24,0.4786863923072815,0.06,0.30666080117225647
0.27,0.47742584347724915,0.04999999999999999,0.41488131880760193
0.27,0.4738689661026001,0.06,0.4537430703639984
0.265,0.38044196367263794,0.044999999999999984,0.3210868537425995
0.255,0.4178702235221863,0.04999999999999999,0.5761308073997498
0.25,0.2201319932937622,0.044999999999999984,0.34296146035194397
0.235,0.2780866324901581,0.030000000000000027,0.38085803389549255
0.24,0.30526161193847656,0.034999999999999976,0.3172359764575958
0.22999999999999998,0.308967649936676,0.06,0.4092526137828827
File: female1_sad_15a_1
0.26,0.3228715658187866,0.05499999999999999,0.3840618431568146
0.26,0.38827577233314514,0.065,0.5562453269958496
0.24,0.30010685324668884,0.06,0.3773418366909027
0.275,0.3230413496494293,0.04999999999999999,0.3144241273403168
0.275,0.3821253776550293,0.04999999999999999,0.47928565740585327
0.265,0.4086773991584778,0.065,0.45390206575393677
0.255,0.4607952833175659,0.07,0.3756013512611389
0.27,0.3712786138057709,0.07,0.34228795766830444
0.26,0.2666774392127991,0.05499999999999999,0.4104525148868561
0.245,0.4676517844200134,0.04999999999999999,0.45582470297813416
0.24,0.29068419337272644,0.03999999999999998,0.35060253739356995
File: female1_sad_1a_1
0.29000000000000004,0.3903166949748993,0.030000000000000027,0.2893878221511841
0.29000000000000004,0.4694635272026062,0.034999999999999976,0.47352537512779236
0.28,0.3296050429344177,0.03999999999999998,0.28955426812171936
0.28500000000000003,0.5052638649940491,0.03999999999999998,0.51174396276474
0.28,0.43884187936782837,0.05499999999999999,0.4018082022666931
0.28,0.5446746349334717,0.04999999999999999,0.5657609701156616
0.275,0.42222973704338074,0.06,0.5547564625740051
0.265,0.5074625611305237,0.06,0.5282764434814453
0.255,0.30363163352012634,0.07500000000000001,0.45636624097824097
File: female1_sad_2a_1
0.27,0.4605794847011566,0.07,0.8050932884216309
0.26,0.4533943831920624,0.07,0.44848987460136414
0.25,0.5217939615249634,0.06,0.5090206861495972
0.245,0.40170252323150635,0.06,0.469503790140152
0.245,0.37451204657554626,0.07,0.3992726504802704
0.24,0.45417433977127075,0.065,0.577588677406311
0.235,0.3952966332435608,0.06,0.6758111119270325
0.245,0.27379143238067627,0.065,0.3768925666809082
0.245,0.41195783019065857,0.065,0.5861871838569641
0.235,0.3870519697666168,0.06,0.5438610315322876
File: female1_sad_3a_1
0.25,0.4751660227775574,0.044999999999999984,0.3709433674812317
0.27,0.3894297480583191,0.03999999999999998,0.4209391176700592
0.265,0.46943286061286926,0.04999999999999999,0.4253849983215332
0.265,0.5280858278274536,0.04999999999999999,0.36110785603523254
0.25,0.30085012316703796,0.04999999999999999,0.4173690974712372
0.25,0.525350034236908,0.030000000000000027,0.36845749616622925
0.255,0.41029101610183716,0.034999999999999976,0.4532088339328766
0.24,0.43865230679512024,0.04999999999999999,0.45055264234542847
0.235,0.3967079520225525,0.04999999999999999,0.5040298104286194
0.235,0.22368891537189484,0.03999999999999998,0.2467023879289627
0.245,0.38115644454956055,0.04999999999999999,0.45958611369132996
0.245,0.48067691922187805,0.08500000000000002,0.40351399779319763
File: female1_sad_4a_1
0.28500000000000003,0.4568113088607788,0.07500000000000001,0.3182646632194519
0.27,0.5747516751289368,0.08000000000000002,0.48657211661338806
0.27,0.4639183282852173,0.08500000000000002,0.34635165333747864
0.28,0.5760250687599182,0.08000000000000002,0.528990626335144
0.265,0.4594132900238037,0.08000000000000002,0.40545740723609924
0.26,0.40340080857276917,0.07500000000000001,0.4459635317325592
0.255,0.48513564467430115,0.07500000000000001,0.39515116810798645
0.25,0.42442619800567627,0.07500000000000001,0.4594840109348297
0.265,0.4732879400253296,0.08500000000000002,0.4780762493610382
0.255,0.09965063631534576,0.08500000000000002,0.3208658993244171
0.25,0.29861536622047424,0.08500000000000002,0.3782382309436798
0.245,0.3238668143749237,0.06,0.4097355306148529
File: female1_sad_5a_1
0.25,0.40155255794525146,0.04999999999999999,0.4256318509578705
0.265,0.4180043041706085,0.04999999999999999,0.3561128079891205
0.255,0.4257029891014099,0.06,0.28472843766212463
0.265,0.35752713680267334,0.065,0.4053867757320404
0.25,0.3271879553794861,0.065,0.3839203417301178
0.245,0.3163919448852539,0.06,0.2570284903049469
0.24,0.3398791253566742,0.06,0.40911516547203064
0.24,0.3264142870903015,0.044999999999999984,0.2910037934780121
0.22999999999999998,0.3663367033004761,0.03999999999999998,0.5728441476821899
0.22999999999999998,0.206659197807312,0.07500000000000001,0.4505818784236908
File: female1_sad_6a_1
0.26,0.6036717891693115,0.08000000000000002,0.7025676965713501
0.25,0.47607100009918213,0.08000000000000002,0.45478788018226624
0.25,0.43780261278152466,0.07,0.371878057718277
0.245,0.3999325931072235,0.07,0.4532715082168579
0.24,0.44448772072792053,0.07500000000000001,0.38425374031066895
0.24,0.43262991309165955,0.07500000000000001,0.4100811183452606
0.22999999999999998,0.487790048122406,0.065,0.5019638538360596
0.22499999999999998,0.5358948707580566,0.06,0.4774378538131714
0.235,0.4425010085105896,0.06,0.4970923960208893
0.22499999999999998,0.5793533325195312,0.06,0.4189821779727936
0.22499999999999998,0.438114196062088,0.044999999999999984,0.36658158898353577
File: female1_sad_7a_1
0.22499999999999998,0.31342920660972595,0.03999999999999998,0.3157697319984436
0.21500000000000002,0.5069816708564758,0.04999999999999999,0.5265953540802002
0.21500000000000002,0.3808673322200775,0.04999999999999999,0.40017470717430115
0.21000000000000002,0.3184540569782257,0.07,0.3654605448246002
0.255,0.3673767149448395,0.065,0.378735214471817
0.26,0.43850427865982056,0.06,0.28289052844047546
0.24,0.3938521444797516,0.06,0.3677813708782196
0.235,0.22931912541389465,0.04999999999999999,0.3203088939189911
0.25,0.35780462622642517,0.04999999999999999,0.4241366684436798
0.24,0.607572078704834,0.04999999999999999,0.6770892143249512
0.24,0.26009270548820496,0.07,0.38189372420310974
File: female1_sad_8a_1
0.25,0.36194437742233276,0.065,0.2298297882080078
0.25,0.2879152297973633,0.065,0.32946696877479553
0.24,0.5149060487747192,0.07,0.4792787432670593
0.235,0.4627746343612671,0.05499999999999999,0.5991503000259399
0.24,0.4606502652168274,0.05499999999999999,0.35444992780685425
0.24,0.48420092463493347,0.065,0.557013988494873
0.22999999999999998,0.40601879358291626,0.065,0.38565072417259216
0.22999999999999998,0.39733052253723145,0.06,0.3736821413040161
0.24,0.4124699831008911,0.06,0.5697218775749207
0.22999999999999998,0.37531107664108276,0.05499999999999999,0.464504212141037
0.22499999999999998,0.40576493740081787,0.05499999999999999,0.3098876178264618
0.22499999999999998,0.35322806239128113,0.08000000000000002,0.30241647362709045
File: female1_sad_9a_1
0.26,0.36570096015930176,0.07,0.31448304653167725
0.25,0.3413313925266266,0.08000000000000002,0.3335072100162506
0.27,0.49315738677978516,0.08000000000000002,0.6688195466995239
0.27,0.5647644996643066,0.07,0.4038143754005432
0.25,0.2906925082206726,0.07500000000000001,0.3641715347766876
0.255,0.6062608361244202,0.08000000000000002,0.4265609085559845
0.265,0.44850805401802063,0.08000000000000002,0.46224477887153625
0.26,0.3607289791107178,0.07500000000000001,0.5259910821914673
0.26,0.3982585668563843,nan,0.4625938832759857
