True arousal,Predicted arousal,True valence,Predicted valence
File: male2_angry_10a_1
0.87,0.6046503782272339,0.21999999999999997,0.26524192094802856
0.88,0.7334235906600952,0.22499999999999998,0.6256629228591919
0.905,0.6648063063621521,0.2,0.5106890201568604
0.915,0.5862151980400085,0.19,0.5770176649093628
0.9,0.6165550351142883,0.19,0.4160171449184418
0.88,0.7469862699508667,0.22499999999999998,0.6717942953109741
0.89,0.6932591199874878,0.21500000000000002,0.3864419758319855
0.895,0.5863513350486755,0.21500000000000002,0.3420705497264862
0.895,0.6776439547538757,0.21000000000000002,0.45490017533302307
0.89,0.5662830471992493,0.19,0.42593255639076233
0.89,0.5632920265197754,0.185,0.7327162623405457
File: male2_angry_11a_1
0.89,0.652307391166687,0.21999999999999997,0.5153242349624634
0.9,0.6319389939308167,0.21000000000000002,0.4395581781864166
0.9199999999999999,0.6663222908973694,0.185,0.354260116815567
0.915,0.5739501714706421,0.19,0.4294668138027191
0.9099999999999999,0.6208217740058899,0.19,0.4699994921684265
0.915,0.6514613628387451,0.21000000000000002,0.4537656903266907
0.905,0.6033000349998474,0.20500000000000002,0.5167880058288574
0.9,0.5987251400947571,0.20500000000000002,0.41139402985572815
File: male2_angry_12a_1
0.9,0.6067737936973572,0.21500000000000002,0.5206910967826843
0.895,0.6836934685707092,0.21000000000000002,0.4243468940258026
0.905,0.6319960355758667,0.21000000000000002,0.508039116859436
0.89,0.6803667545318604,0.20500000000000002,0.6407184600830078
0.885,0.5365518927574158,0.22499999999999998,0.5532987117767334
0.905,0.6744072437286377,0.21999999999999997,0.6239016056060791
0.9199999999999999,0.6333073973655701,0.20500000000000002,0.487440824508667
0.9199999999999999,0.5282814502716064,0.21000000000000002,0.5355275869369507
0.915,0.5563699007034302,0.21500000000000002,0.4192420542240143
File: male2_angry_13a_1
0.905,0.7193182706832886,0.21999999999999997,0.9654706716537476
0.9,0.49888765811920166,0.22499999999999998,0.483810693025589
0.895,0.6228960156440735,0.2,0.4579837918281555
0.9,0.6676269173622131,0.195,0.3946528136730194
0.885,0.5657312870025635,0.2,0.48496147990226746
0.9199999999999999,0.510486900806427,0.18,0.36401358246803284
0.915,0.6406822204589844,0.175,0.43731847405433655
0.9099999999999999,0.5531319379806519,0.18,0.369415283203125
File: male2_angry_14a_1
0.89,0.7320609092712402,0.21000000000000002,0.4925486743450165
0.88,0.7807038426399231,0.21500000000000002,0.3700192868709564
0.875,0.49486875534057617,0.21500000000000002,0.40914326906204224
0.89,0.6594776511192322,0.20500000000000002,0.8174923062324524
0.89,0.6738507747650146,0.2,0.4300427734851837
0.905,0.5706948041915894,0.18,0.41364404559135437
0.9,0.7314965724945068,0.175,0.4436310827732086
0.9,0.5292213559150696,0.18,0.4704751670360565
File: male2_angry_15a_1
0.9099999999999999,0.5438401699066162,0.21000000000000002,0.43377503752708435
0.89,0.6918343305587769,0.21500000000000002,0.6331840753555298
0.88,0.69379061460495,0.21999999999999997,0.4735903739929199
0.905,0.6185078024864197,0.21000000000000002,0.41417643427848816
0.9,0.6544760465621948,0.20500000000000002,0.5990645885467529
0.885,0.5212593674659729,0.22499999999999998,0.5398961305618286
0.895,0.6896212100982666,0.21500000000000002,0.7026650905609131
0.895,0.6605774164199829,0.20500000000000002,0.4183168113231659
0.9099999999999999,0.5136212110519409,0.19,0.42620402574539185
0.9,0.6105533838272095,0.185,0.45595693588256836
File: male2_angry_1a_1
0.905,0.6345799565315247,0.21500000000000002,0.32492899894714355
0.9,0.607308030128479,0.22499999999999998,0.3956923186779022
0.895,0.6820783019065857,0.22499999999999998,0.5572959184646606
0.9099999999999999,0.5252851843833923,0.21000000000000002,0.46197208762168884
0.885,0.6029454469680786,0.22499999999999998,0.5453063249588013
0.895,0.7125670909881592,0.21500000000000002,0.6199228167533875
0.885,0.6201807260513306,0.21999999999999997,0.8050806522369385
0.885,0.4138377904891968,0.21999999999999997,0.4960896372795105
File: male2_angry_2a_1
0.895,0.5499463081359863,0.21500000000000002,0.8721972703933716
0.885,0.4829117953777313,0.21999999999999997,0.504751980304718
0.9,0.537505567073822,0.21000000000000002,0.5423047542572021
0.89,0.7472937107086182,0.21500000000000002,0.506136953830719
0.88,0.5711095333099365,0.22499999999999998,0.48838165402412415
0.88,0.4383983314037323,0.22499999999999998,0.523393452167511
0.9099999999999999,0.5473621487617493,0.20500000000000002,0.5010386109352112
0.9,0.6624909043312073,0.2,0.484457403421402
0.9,0.46640458703041077,0.20500000000000002,0.4820534288883209
File: male2_angry_3a_1
0.88,0.5442918539047241,0.21999999999999997,0.5313020348548889
0.9,0.5561622381210327,0.21000000000000002,0.366705983877182
0.9,0.5806519985198975,0.195,0.4088110625743866
0.885,0.5684398412704468,0.78,0.45724359154701233
0.895,0.5980037450790405,0.20500000000000002,0.3858761489391327
0.9,0.573606014251709,0.2,0.4808834195137024
0.9,0.5526375770568848,0.2,0.44772985577583313
0.88,0.7126086354255676,0.21500000000000002,0.17354771494865417
0.895,0.509427547454834,0.20500000000000002,0.40010231733322144
0.89,0.6802564859390259,0.20500000000000002,0.32607153058052063
File: male2_angry_4a_1
0.9,0.5845189094543457,0.20500000000000002,0.44686755537986755
0.89,0.714937686920166,0.21500000000000002,0.7100831270217896
0.88,0.5360214114189148,0.21500000000000002,0.5572007298469543
0.88,0.5726231336593628,0.21999999999999997,0.48079562187194824
0.895,0.5412098169326782,0.21000000000000002,0.3465130925178528
0.89,0.6407104134559631,0.21000000000000002,0.6162031888961792
0.89,0.7535555958747864,0.21500000000000002,0.6603759527206421
0.895,0.6697396039962769,0.20500000000000002,0.4344122111797333
0.885,0.5355136394500732,0.21500000000000002,0.5554880499839783
0.88,0.464366614818573,0.21999999999999997,0.4925067126750946
0.88,0.41152864694595337,0.21999999999999997,0.38931912183761597
File: male2_angry_5a_1
0.885,0.5337002873420715,0.21500000000000002,0.5462795495986938
0.905,0.7016240358352661,0.21000000000000002,0.33314234018325806
0.9,0.6636394262313843,0.2,0.32505151629447937
0.9199999999999999,0.500266969203949,0.195,0.3755696415901184
0.915,0.6674386262893677,0.19,0.47658398747444153
0.9099999999999999,0.5975819230079651,0.2,0.6666439175605774
0.89,0.511948823928833,0.21000000000000002,0.4474036395549774
0.9,0.6533858776092529,0.19,0.6872397661209106
0.9,0.4672645926475525,0.2,0.48552027344703674
0.895,0.3931725323200226,0.2,0.417574018239975
File: male2_angry_6a_1
0.9,0.7391220331192017,0.20500000000000002,0.3209623694419861
0.9,0.4855680465698242,0.2,0.38027331233024597
0.9099999999999999,0.7493675947189331,0.21000000000000002,0.5305746793746948
0.9,0.6175286769866943,0.21000000000000002,0.4244377315044403
0.885,0.6719905138015747,0.21999999999999997,0.5110305547714233
0.895,0.607559859752655,0.2,0.3932840824127197
0.9,0.6736847162246704,0.19,0.6083186268806458
0.89,0.47254282236099243,0.19,0.41207560896873474
0.89,0.3006598949432373,0.2,0.3748374283313751
File: male2_angry_7a_1
0.89,0.5624899864196777,0.2,0.5739067196846008
0.89,0.5596294403076172,0.20500000000000002,0.487924188375473
0.885,0.5270945429801941,0.21000000000000002,0.41631802916526794
0.885,0.5039725303649902,0.21000000000000002,0.46401819586753845
0.915,0.6920913457870483,0.21500000000000002,0.5933628082275391
0.9099999999999999,0.6006413102149963,0.20500000000000002,0.46342355012893677
0.9,0.7978376746177673,0.20500000000000002,0.4172227680683136
0.9,0.46458297967910767,0.20500000000000002,0.3666033446788788
File: male2_angry_8a_1
0.905,0.5776625871658325,0.21000000000000002,0.528181791305542
0.9,0.6509240865707397,0.20500000000000002,0.6207075119018555
0.895,0.566860556602478,0.21000000000000002,0.544913649559021
0.895,0.5580665469169617,0.21000000000000002,0.4775093197822571
0.89,0.5340429544448853,0.20500000000000002,0.42596518993377686
0.88,0.7106532454490662,0.2,0.43311163783073425
0.905,0.5667424201965332,0.19,0.6141868829727173
0.9099999999999999,0.6667009592056274,0.18,0.5757728815078735
0.9099999999999999,0.6239234209060669,0.18,0.5488126873970032
0.9,0.5799827575683594,0.185,0.4046323001384735
0.9,0.5997827053070068,0.19,0.4743654727935791
File: male2_angry_9a_1
0.905,0.7520081996917725,0.21000000000000002,0.7751011848449707
0.895,0.7219570875167847,0.21500000000000002,0.6860111951828003
0.885,0.5694446563720703,0.21500000000000002,0.4130781590938568
0.9,0.5735123753547668,0.20500000000000002,0.4507366418838501
0.89,0.48012369871139526,0.2,0.3323129713535309
0.905,0.619810938835144,0.21000000000000002,0.5143225789070129
0.9,0.5714551210403442,0.21000000000000002,0.4208374321460724
0.9,0.6992605328559875,0.2,0.19669295847415924
0.9,0.519842267036438,0.2,0.41823840141296387
0.895,0.5819470286369324,0.2,0.43539959192276
File: male2_excited_10a_1
0.915,0.7090296745300293,0.885,0.4214172959327698
0.915,0.7937079071998596,0.915,0.6515693068504333
0.9299999999999999,0.6550514101982117,0.915,0.40989550948143005
0.935,0.6849664449691772,0.915,0.593643307685852
0.94,0.5187748074531555,0.9,0.43886512517929077
0.925,0.788221001625061,0.905,0.7838048338890076
0.9199999999999999,0.7450357675552368,0.9099999999999999,0.5170407891273499
0.9199999999999999,0.5425453782081604,0.9099999999999999,0.281584769487381
0.9299999999999999,0.663979172706604,0.9099999999999999,0.348641037940979
0.9299999999999999,0.6806424260139465,0.925,0.5011113286018372
File: male2_excited_11a_1
0.935,0.7311577200889587,0.895,0.5137877464294434
0.9099999999999999,0.7861128449440002,0.89,0.4469073414802551
0.9199999999999999,0.6497498750686646,0.9,0.44817420840263367
0.9299999999999999,0.7682474255561829,0.9099999999999999,0.50456702709198
0.915,0.666676938533783,0.9199999999999999,0.45478031039237976
0.9450000000000001,0.6934124827384949,0.9199999999999999,0.5476429462432861
0.9450000000000001,0.7944629192352295,0.925,0.9052655696868896
File: male2_excited_12a_1
0.9199999999999999,0.5173817873001099,0.915,0.35266628861427307
0.915,0.760857105255127,0.925,0.47740140557289124
0.9299999999999999,0.7270066738128662,0.9,0.5094123482704163
0.905,0.6994318962097168,0.905,0.5354045033454895
0.9099999999999999,0.6073266863822937,0.9199999999999999,0.5473822951316833
0.935,0.5977350473403931,0.925,0.4286019504070282
0.94,0.6682735085487366,0.925,0.5041394829750061
0.94,0.5843069553375244,0.9299999999999999,0.4404510259628296
File: male2_excited_13a_1
0.9299999999999999,0.7522475719451904,0.9299999999999999,0.6562691926956177
0.925,0.6319671869277954,0.9199999999999999,0.36502617597579956
0.94,0.6859369277954102,0.9199999999999999,0.39248934388160706
0.94,0.6339998245239258,0.915,0.4352307617664337
0.935,0.5922037959098816,0.925,0.42216426134109497
0.9099999999999999,0.6128638982772827,0.925,0.44889935851097107
0.9099999999999999,0.5282697081565857,0.925,0.41096392273902893
0.9099999999999999,0.4597782492637634,0.925,0.3329651355743408
File: male2_excited_14a_1
0.9199999999999999,0.717070996761322,0.9,0.28501278162002563
0.915,0.7408729791641235,0.9,0.18241707980632782
0.915,0.6415836811065674,0.915,0.48682060837745667
0.9299999999999999,0.630142331123352,0.905,0.5046365261077881
0.935,0.6240525841712952,0.935,0.38440048694610596
0.9450000000000001,0.7361904382705688,0.94,0.4310494363307953
0.94,0.8314163684844971,0.94,0.42789533734321594
0.94,0.6570985913276672,0.94,0.4985044300556183
0.935,0.2929048538208008,0.935,0.3958916664123535
File: male2_excited_15a_1
0.9299999999999999,0.5177303552627563,0.935,0.490485280752182
0.925,0.7630511522293091,0.925,0.4443526268005371
0.94,0.6535224318504333,0.925,0.3993341624736786
0.9199999999999999,0.8586518168449402,0.915,0.7860642671585083
0.915,0.6468357443809509,0.9199999999999999,0.5268275141716003
0.9199999999999999,0.7635331153869629,0.925,0.4403110444545746
0.94,0.5270336270332336,0.9299999999999999,0.4290879964828491
0.9450000000000001,0.6362118721008301,0.915,0.5662844181060791
File: male2_excited_1a_1
0.9099999999999999,0.6157961487770081,0.915,0.5573798418045044
0.905,0.6235672235488892,0.905,0.40341857075691223
0.9199999999999999,0.7256035208702087,0.9,0.46653100848197937
0.915,0.518052875995636,0.895,0.40188518166542053
0.9,0.5114427208900452,0.9199999999999999,0.4548572301864624
0.925,0.7030320167541504,0.915,0.6557815074920654
0.925,0.5373827219009399,0.905,0.5334152579307556
0.925,0.3211595416069031,0.9299999999999999,0.3987274467945099
File: male2_excited_2a_1
0.935,0.6055303812026978,0.925,0.7274376153945923
0.9299999999999999,0.5850930213928223,0.9099999999999999,0.5500922203063965
0.925,0.5939857959747314,0.9099999999999999,0.4961843192577362
0.925,0.6132315397262573,0.9199999999999999,0.48172593116760254
0.9299999999999999,0.6786950826644897,0.9299999999999999,0.46045511960983276
0.94,0.6347066164016724,0.935,0.48967650532722473
0.9299999999999999,0.6169124245643616,0.935,0.5012246370315552
0.9299999999999999,0.5597665309906006,0.9,0.5056896209716797
File: male2_excited_3a_1
0.925,0.4764699339866638,0.935,0.4695802628993988
0.94,0.6198060512542725,0.935,0.6328456997871399
0.94,0.6280685067176819,0.9299999999999999,0.3554537892341614
0.925,0.7461822032928467,0.94,0.4577508866786957
0.9299999999999999,0.7166980504989624,0.94,0.43276694416999817
0.9199999999999999,0.5966347455978394,0.9299999999999999,0.44286301732063293
0.9299999999999999,0.6509766578674316,0.9299999999999999,0.46735140681266785
0.9299999999999999,0.6363170742988586,0.9299999999999999,0.4481256306171417
File: male2_excited_4a_1
0.9450000000000001,0.7861979603767395,0.915,0.48002830147743225
0.935,0.563807487487793,0.9099999999999999,0.571753978729248
0.925,0.5814828276634216,0.9099999999999999,0.5327369570732117
0.9299999999999999,0.5113831162452698,0.9199999999999999,0.3455164134502411
0.935,0.5215410590171814,0.9199999999999999,0.7374591827392578
0.935,0.7730062007904053,0.9299999999999999,0.41931670904159546
0.94,0.6464378833770752,0.915,0.6187607049942017
0.94,0.5879760980606079,0.915,0.4297056794166565
0.9299999999999999,0.4941522479057312,0.915,0.4591587483882904
0.9299999999999999,0.46912384033203125,0.9,0.38843879103660583
File: male2_excited_5a_1
0.915,0.5954737067222595,0.9199999999999999,0.44625741243362427
0.925,0.6550426483154297,0.9199999999999999,0.485893577337265
0.9299999999999999,0.408018559217453,0.9199999999999999,0.4748202860355377
0.935,0.8157574534416199,0.925,0.5141653418540955
0.935,0.5761347413063049,0.9199999999999999,0.5905121564865112
0.925,0.4896334111690521,0.9299999999999999,0.42630234360694885
0.94,0.7055808305740356,0.9299999999999999,0.4151144325733185
0.9450000000000001,0.5420387387275696,0.925,0.4823177754878998
0.9450000000000001,0.23787200450897217,0.9299999999999999,0.27701544761657715
File: male2_excited_6a_1
0.94,0.8402835130691528,0.925,0.6628118753433228
0.94,0.6704588532447815,0.9199999999999999,0.4636479914188385
0.935,0.5879185199737549,0.915,0.6588455438613892
0.9299999999999999,0.6730255484580994,0.935,0.5843358039855957
0.94,0.5257571935653687,0.9299999999999999,0.42744383215904236
0.9299999999999999,0.648617148399353,0.915,0.6825688481330872
0.925,0.4098711907863617,0.915,0.3814672827720642
0.925,0.5066019296646118,0.9199999999999999,0.39480990171432495
File: male2_excited_7a_1
0.94,0.7035443782806396,0.925,0.5179845094680786
0.935,0.46316003799438477,0.9299999999999999,0.4358387887477875
0.9450000000000001,0.6746436953544617,0.9299999999999999,0.4076564311981201
0.94,0.5052543878555298,0.9099999999999999,0.4198877513408661
0.9450000000000001,0.6388441324234009,0.935,0.472107857465744
0.95,0.66505366563797,0.935,0.5856463313102722
0.9450000000000001,0.6736772656440735,0.915,0.5149534344673157
File: male2_excited_8a_1
0.935,0.6582766175270081,0.9099999999999999,0.42872148752212524
0.9299999999999999,0.728949248790741,0.9299999999999999,0.6448454856872559
0.9299999999999999,0.5649245977401733,0.925,0.621606707572937
0.925,0.5281484127044678,0.9199999999999999,0.4326542913913727
0.9299999999999999,0.5404611229896545,0.9299999999999999,0.45769965648651123
0.9299999999999999,0.7275779247283936,0.9199999999999999,0.4528680741786957
0.95,0.6391819715499878,0.925,0.5019873976707458
0.95,0.6235407590866089,0.925,0.4788142740726471
0.94,0.4617260694503784,0.9199999999999999,0.3651787340641022
0.94,0.3752632141113281,0.925,0.34518638253211975
File: male2_excited_9a_1
0.925,0.7582780122756958,0.9199999999999999,0.8180105686187744
0.915,0.6848874092102051,0.9099999999999999,0.5267189741134644
0.9199999999999999,0.6669677495956421,0.9099999999999999,0.45565661787986755
0.925,0.7349877953529358,0.9,0.6062402725219727
0.905,0.44514480233192444,0.905,0.37563279271125793
0.915,0.7571402788162231,0.9299999999999999,0.14451272785663605
0.9299999999999999,0.6430073976516724,0.9299999999999999,0.4901968836784363
0.9299999999999999,0.5109577775001526,0.9450000000000001,0.3874748647212982
File: male2_happy_10a_1
0.55,0.590683102607727,0.935,0.28850945830345154
0.545,0.5499969124794006,0.9550000000000001,0.6123251914978027
0.575,0.6081511974334717,0.96,0.5389111042022705
0.575,0.6985806822776794,0.935,0.4890403747558594
0.565,0.4334261119365692,0.935,0.6307705640792847
0.56,0.585456371307373,0.9299999999999999,0.5335496664047241
0.565,0.46696019172668457,0.94,0.42853495478630066
0.56,0.5339818000793457,0.94,0.4829626977443695
0.565,0.5586802363395691,0.94,0.4864504635334015
File: male2_happy_11a_1
0.5700000000000001,0.6671749353408813,0.9299999999999999,0.46749937534332275
0.5700000000000001,0.6836668252944946,0.925,0.5890811681747437
0.565,0.5714324712753296,0.94,0.5357629060745239
0.575,0.5191683173179626,0.935,0.44215020537376404
0.565,0.5865192413330078,0.95,0.4012141227722168
0.58,0.7180854082107544,0.95,0.6033722162246704
0.58,0.5825888514518738,0.935,0.4952588379383087
File: male2_happy_12a_1
0.56,0.32492077350616455,0.935,0.3945949673652649
0.56,0.5281382203102112,0.9450000000000001,0.5232769250869751
0.565,0.6712404489517212,0.9299999999999999,0.5476429462432861
0.565,0.5441226959228516,0.935,0.48510509729385376
0.55,0.44962799549102783,0.95,0.5772520303726196
0.5700000000000001,0.4698387682437897,0.9450000000000001,0.6243637204170227
0.575,0.4502277374267578,0.9450000000000001,0.4938208758831024
0.565,0.45418840646743774,0.9450000000000001,0.3505876362323761
File: male2_happy_13a_1
0.5700000000000001,0.6441482901573181,0.94,0.9617067575454712
0.565,0.5939817428588867,0.9299999999999999,0.39159923791885376
0.55,0.5087772011756897,0.925,0.4349991977214813
0.545,0.48887208104133606,0.9299999999999999,0.43777230381965637
0.55,0.4496605694293976,0.9299999999999999,0.49061402678489685
0.545,0.3658064007759094,0.9299999999999999,0.3590496778488159
0.54,0.5719738006591797,0.94,0.4160263240337372
File: male2_happy_14a_1
0.56,0.6341997385025024,0.9299999999999999,0.3967312276363373
0.55,0.5584889054298401,0.94,0.3202283978462219
0.565,0.5112146139144897,0.94,0.43105414509773254
0.565,0.4767342209815979,0.9299999999999999,0.5233302116394043
0.55,0.3923008143901825,0.95,0.35888031125068665
0.575,0.5048166513442993,0.9550000000000001,0.43929436802864075
0.575,0.5380043387413025,0.9299999999999999,0.34496191143989563
File: male2_happy_15a_1
0.555,0.48636019229888916,0.925,0.5680186748504639
0.55,0.5072060227394104,0.94,0.48217737674713135
0.58,0.5616480112075806,0.94,0.48139044642448425
0.585,0.6134473085403442,0.925,0.5657479763031006
0.565,0.4397343099117279,0.9299999999999999,0.4997655749320984
0.575,0.6035841703414917,0.94,0.44488224387168884
0.58,0.725838303565979,0.94,0.4611622989177704
0.575,0.6364244222640991,0.9450000000000001,0.5259802937507629
File: male2_happy_1a_1
0.56,0.5689868330955505,0.94,0.47725850343704224
0.55,0.6484130024909973,0.95,0.47361424565315247
0.5700000000000001,0.6256162524223328,0.95,0.44489237666130066
0.575,0.4294968247413635,0.935,0.3975526988506317
0.565,0.4204332232475281,0.94,0.4772162437438965
0.5700000000000001,0.592796266078949,0.9299999999999999,0.6891384124755859
0.565,0.5132668614387512,0.925,0.6192906498908997
File: male2_happy_2a_1
0.56,0.531065821647644,0.925,0.7529208660125732
0.55,0.48328402638435364,0.935,0.5393222570419312
0.545,0.6398743987083435,0.935,0.708010733127594
0.545,0.5041558742523193,0.9299999999999999,0.39925065636634827
0.54,0.6115831136703491,0.935,0.4540550410747528
0.54,0.395247220993042,0.94,0.41861042380332947
0.56,0.5430070757865906,0.9299999999999999,0.5331777334213257
0.555,0.5061074495315552,0.935,0.6487705111503601
File: male2_happy_3a_1
0.545,0.411405473947525,0.95,0.4511965215206146
0.5700000000000001,0.6179800033569336,0.9450000000000001,0.6170341968536377
0.575,0.5226635336875916,0.9299999999999999,0.41156014800071716
0.555,0.5277175307273865,0.9450000000000001,0.5350654125213623
0.5700000000000001,0.5913994908332825,0.94,0.5464823842048645
0.5700000000000001,0.47000983357429504,0.935,0.531177282333374
0.55,0.4269068241119385,0.95,0.26164424419403076
0.575,0.45195674896240234,0.95,0.2964461147785187
File: male2_happy_4a_1
0.575,0.7112929224967957,0.9450000000000001,0.9222310185432434
0.565,0.4861450791358948,0.935,0.6321442723274231
0.55,0.5249018669128418,0.94,0.48994606733322144
0.56,0.5044992566108704,0.94,0.35704654455184937
0.56,0.5895953178405762,0.9450000000000001,0.44008001685142517
0.575,0.658892810344696,0.94,0.4764072895050049
0.56,0.4335539937019348,0.9299999999999999,0.4826929569244385
0.56,0.473068505525589,0.9299999999999999,0.46485164761543274
0.56,0.2058691382408142,0.925,0.3366140127182007
File: male2_happy_5a_1
0.54,0.550313413143158,0.94,0.5756251811981201
0.565,0.4557711184024811,0.94,0.44279947876930237
0.565,0.42219090461730957,0.95,0.41385120153427124
0.575,0.6109485626220703,0.95,0.47075802087783813
0.575,0.5237548351287842,0.935,0.4686354398727417
0.565,0.4122191071510315,0.94,0.3765837252140045
0.55,0.5673251152038574,0.94,0.6199478507041931
0.55,0.31406763195991516,0.935,0.43146607279777527
File: male2_happy_6a_1
0.575,0.6951904296875,0.935,0.4341912567615509
0.575,0.6227477788925171,0.9299999999999999,0.756732702255249
0.565,0.41795969009399414,0.925,0.5706270933151245
0.565,0.5255793333053589,0.925,0.4385709762573242
0.56,0.6203818321228027,0.94,0.6417441964149475
0.5700000000000001,0.5095100998878479,0.935,0.4482627511024475
0.56,0.6346433162689209,0.9299999999999999,0.6917915344238281
0.56,0.45736509561538696,0.9299999999999999,0.4152267873287201
0.555,0.47654294967651367,0.95,0.32699546217918396
File: male2_happy_7a_1
0.575,0.5523622035980225,0.94,0.4367740750312805
0.5700000000000001,0.5851874947547913,0.9450000000000001,0.4600510597229004
0.5700000000000001,0.4400184750556946,0.9450000000000001,0.4109779894351959
0.565,0.5679279565811157,0.95,0.5574904084205627
0.575,0.6066301465034485,0.9550000000000001,0.46046182513237
0.58,0.6416714191436768,0.96,0.7429789304733276
0.58,0.5225266218185425,0.9550000000000001,0.3248564898967743
File: male2_happy_8a_1
0.585,0.501915693283081,0.95,0.5155653953552246
0.585,0.6213761568069458,0.94,0.6157957315444946
0.575,0.46078240871429443,0.935,0.5083708763122559
0.575,0.4965980052947998,0.935,0.499431312084198
0.5700000000000001,0.5244768261909485,0.9299999999999999,0.6969296336174011
0.575,0.5444629192352295,0.9450000000000001,0.48398640751838684
0.58,0.6822380423545837,0.95,0.4826674461364746
0.585,0.5472319722175598,0.96,0.5620259046554565
0.58,0.4992046356201172,0.9550000000000001,0.3622313439846039
0.575,0.4265889525413513,0.9550000000000001,0.3515177071094513
File: male2_happy_9a_1
0.565,0.62977534532547,0.95,0.9361281394958496
0.56,0.6453083157539368,0.9450000000000001,0.6867758631706238
0.575,0.5329487919807434,0.95,0.469931423664093
0.5700000000000001,0.5727654695510864,0.935,0.48824968934059143
0.56,0.32744184136390686,0.9299999999999999,0.4188863933086395
0.56,0.5486665964126587,0.95,0.28201720118522644
0.585,0.6515305042266846,0.9450000000000001,0.5321280360221863
0.58,0.5180136561393738,0.505,0.3940485715866089
File: male2_neutral_10a_1
0.51,0.3078627586364746,0.5,0.4111514985561371
0.5,0.4720648229122162,0.49,0.5674690008163452
0.52,0.32244497537612915,0.49,0.4218175709247589
0.515,0.5270154476165771,0.5,0.5804301500320435
0.505,0.2848162353038788,0.5,0.3774503171443939
0.5,0.48693519830703735,0.5,0.5240331888198853
0.5,0.3684370815753937,0.5,0.3487020432949066
0.5,0.19388361275196075,0.5,0.27386727929115295
0.505,0.42028146982192993,0.5,0.6528280377388
0.5,0.3312827944755554,0.505,0.45128509402275085
File: male2_neutral_11a_1
0.5,0.3257170617580414,0.5,0.3455885946750641
0.51,0.4042501449584961,0.49,0.28078755736351013
0.515,0.3648427128791809,0.49,0.32511502504348755
0.51,0.3363233506679535,0.485,0.44413354992866516
0.51,0.28075194358825684,0.495,0.4110352098941803
0.505,0.39433059096336365,0.5,0.4672844707965851
0.51,0.3531162738800049,0.5,0.5871256589889526
0.51,-0.04689662531018257,0.5,0.23576447367668152
File: male2_neutral_12a_1
0.5,0.14179165661334991,0.505,0.3259386718273163
0.5,0.48737582564353943,0.495,0.5981701612472534
0.495,0.46827051043510437,0.5,0.5575419664382935
0.495,0.5428480505943298,0.505,0.5009960532188416
0.49,0.26302629709243774,0.505,0.4592374563217163
0.5,0.306038498878479,0.5,0.4240715503692627
0.5,0.23667460680007935,0.5,0.37007325887680054
0.5,0.4375973641872406,0.51,0.3919346034526825
File: male2_neutral_13a_1
0.51,0.3798814117908478,0.505,0.6203618049621582
0.505,0.3441978693008423,0.5,0.39240261912345886
0.505,0.30372318625450134,0.5,0.37452763319015503
0.5,0.368942528963089,0.5,0.3898933231830597
0.5,0.25136440992355347,0.5,0.39503806829452515
0.5,0.3884705901145935,0.51,0.4082294702529907
File: male2_neutral_14a_1
0.51,0.40227246284484863,0.505,0.339568167924881
0.5,0.45188185572624207,0.51,0.33186274766921997
0.515,0.44458556175231934,0.51,0.41763123869895935
0.515,0.4471096396446228,0.51,0.5656574964523315
0.505,0.34372374415397644,0.505,0.4190081059932709
0.505,0.3346221446990967,0.5,0.3467104136943817
0.5,0.3640507459640503,0.5,0.4504132568836212
File: male2_neutral_15a_1
0.505,0.35081708431243896,0.495,0.46791401505470276
0.5,0.20484745502471924,0.5,0.39672669768333435
0.5,0.38017696142196655,0.49,0.3953327238559723
0.51,0.22332435846328735,0.495,0.3738044202327728
0.51,0.3755115568637848,0.5,0.5449783205986023
0.505,0.2587542235851288,0.5,0.2998642921447754
0.505,0.35275956988334656,0.505,0.3836376965045929
0.5,0.4378468990325928,0.5,0.35070714354515076
0.495,0.38098129630088806,0.51,0.42640283703804016
File: male2_neutral_1a_1
0.5,0.47972220182418823,0.505,0.46921399235725403
0.5,0.32740122079849243,0.49,0.3348951041698456
0.515,0.4779789447784424,0.49,0.3581419587135315
0.515,0.37411579489707947,0.5,0.3919231593608856
0.505,0.5391819477081299,0.505,0.530585765838623
0.51,0.42111101746559143,0.5,0.5800098776817322
0.505,0.4447215497493744,0.5,0.6315798163414001
File: male2_neutral_2a_1
0.51,0.4407126307487488,0.5,0.5960546731948853
0.505,0.35952228307724,0.51,0.4798634648323059
0.5,0.34034252166748047,0.51,0.5790400505065918
0.5,0.3183581829071045,0.505,0.357766717672348
0.51,0.6460480093955994,0.5,0.5450210571289062
0.51,0.3924151360988617,0.505,0.504819393157959
0.51,0.4370393753051758,0.505,0.5753321051597595
0.5,0.32981163263320923,0.5,0.5706599354743958
File: male2_neutral_3a_1
0.51,0.39389580488204956,0.515,0.39389854669570923
0.52,0.3762883245944977,0.51,0.2676544487476349
0.515,0.35390445590019226,0.51,0.35020992159843445
0.51,0.4392734169960022,0.515,0.5710460543632507
0.515,0.3702735900878906,0.51,0.42429158091545105
0.515,0.28405439853668213,0.51,0.5756526589393616
0.505,0.21599340438842773,0.5,0.401226669549942
0.505,0.2665892243385315,0.505,0.40716972947120667
File: male2_neutral_4a_1
0.505,0.4536646008491516,0.5,0.34700489044189453
0.5,0.3433511257171631,0.515,0.4417824447154999
0.51,0.3573090732097626,0.515,0.499502032995224
0.51,0.4706383943557739,0.51,0.45058587193489075
0.515,0.3373858332633972,0.505,0.5083244442939758
0.505,0.5100377798080444,0.51,0.37660035490989685
0.51,0.3944444954395294,0.51,0.3887766897678375
0.51,0.13454096019268036,0.5,0.3588184416294098
0.5,0.21531790494918823,0.5,0.3335491716861725
0.5,0.18431919813156128,0.5,0.31590500473976135
File: male2_neutral_5a_1
0.495,0.38751089572906494,0.51,0.30860573053359985
0.515,0.24090725183486938,0.51,0.3702228367328644
0.515,0.32398876547813416,0.505,0.49657267332077026
0.505,0.4533246159553528,0.505,0.5163453221321106
0.5,0.2932750880718231,0.51,0.4956863224506378
0.515,0.31036311388015747,0.5,0.4476548135280609
0.51,0.32069385051727295,0.5,0.4528190791606903
0.51,0.2909093499183655,0.51,0.36799365282058716
File: male2_neutral_6a_1
0.495,0.49933990836143494,0.505,0.6414687633514404
0.5,0.36600232124328613,0.5,0.4708017110824585
0.51,0.394326388835907,0.5,0.3988826870918274
0.5,0.3371845781803131,0.495,0.42373988032341003
0.515,0.3458012342453003,0.49,0.4314657151699066
0.51,0.4315055012702942,0.49,0.6139748096466064
0.505,0.5322643518447876,0.5,0.4619818925857544
File: male2_neutral_7a_1
0.495,0.36053717136383057,0.495,0.3964430093765259
0.49,0.4097442328929901,0.505,0.4603256285190582
0.515,0.45969635248184204,0.51,0.5062239170074463
0.51,0.17083515226840973,0.505,0.2884311079978943
0.51,0.2728097438812256,0.5,0.4533374011516571
0.515,0.406721293926239,0.5,0.6813666224479675
0.505,0.3527122437953949,0.51,0.40149208903312683
File: male2_neutral_8a_1
0.505,0.2787412405014038,0.5,0.4004828929901123
0.5,0.5311495661735535,0.5,0.5888561010360718
0.5,0.4236927330493927,0.5,0.5299166440963745
0.5,0.5866529941558838,0.505,0.4398961067199707
0.5,0.5601420402526855,0.505,0.5034487247467041
0.505,0.32702308893203735,0.49,0.4907416105270386
0.5,0.45049309730529785,0.485,0.5497199892997742
0.5,0.4123348891735077,0.485,0.4521055519580841
0.5,0.4675244688987732,0.5,0.38424092531204224
File: male2_neutral_9a_1
0.51,0.3905752897262573,0.505,0.6818616390228271
0.5,0.3473827838897705,0.51,0.6169265508651733
0.5,0.17705212533473969,0.51,0.41894254088401794
0.505,0.28005218505859375,0.51,0.312639445066452
0.5,0.14634442329406738,0.5,0.32660403847694397
0.5,0.4924342930316925,0.5,0.35493698716163635
0.51,0.22421084344387054,0.495,0.5325639247894287
0.505,0.442921906709671,0.10499999999999998,0.45750191807746887
File: male2_sad_10a_1
0.31,0.2922467589378357,0.09999999999999998,0.4188779890537262
0.3,0.5290584564208984,0.09999999999999998,0.5122509002685547
0.29500000000000004,0.46878284215927124,0.07,0.4871363341808319
0.305,0.42381560802459717,0.07,0.49044838547706604
0.305,0.3174125552177429,0.07500000000000001,0.3794691264629364
0.3,0.2650194764137268,0.08000000000000002,0.421581894159317
0.71,0.3162406086921692,0.07500000000000001,0.4773198068141937
0.28500000000000003,0.17987605929374695,0.09000000000000002,0.3672225773334503
0.29000000000000004,0.14736051857471466,0.08000000000000002,0.33762404322624207
0.29500000000000004,0.21304327249526978,0.08000000000000002,0.2801922857761383
0.29500000000000004,0.3199366331100464,0.10499999999999998,0.34178397059440613
File: male2_sad_11a_1
0.305,0.4679501950740814,0.09999999999999998,0.4030044972896576
0.31,0.33623093366622925,0.07500000000000001,0.3967641294002533
0.315,0.3821753263473511,0.08500000000000002,0.32585862278938293
0.315,0.3737853169441223,0.09000000000000002,0.5567634701728821
0.32,0.34597426652908325,0.08500000000000002,0.38136541843414307
0.32,0.320138156414032,0.09499999999999997,0.34033504128456116
0.315,0.47245651483535767,0.09999999999999998,0.6463075876235962
0.315,0.17958445847034454,0.10999999999999999,0.30589136481285095
File: male2_sad_12a_1
0.31,0.1263996809720993,0.10999999999999999,0.29332712292671204
0.3,0.4505540430545807,0.09499999999999997,0.4995571970939636
0.29500000000000004,0.5084043741226196,0.09999999999999998,0.47122645378112793
0.29000000000000004,0.3766254782676697,0.09999999999999998,0.47088930010795593
0.29000000000000004,0.09384848177433014,0.09999999999999998,0.3217584788799286
0.3,0.20387914776802063,0.09000000000000002,0.38620391488075256
0.28500000000000003,0.35807472467422485,0.08500000000000002,0.5177686214447021
0.29000000000000004,0.22815288603305817,0.08500000000000002,0.4647332727909088
0.29000000000000004,0.22255203127861023,0.09000000000000002,0.3618928790092468
0.28500000000000003,0.09298022091388702,0.09000000000000002,0.33595624566078186
0.28500000000000003,0.4655510187149048,0.10499999999999998,0.4225641191005707
File: male2_sad_13a_1
0.3,0.3921715021133423,0.09999999999999998,0.47401201725006104
0.31,0.4220603108406067,0.08000000000000002,0.464552104473114
0.31,0.4091868996620178,0.08000000000000002,0.4231734573841095
0.3,0.33484044671058655,0.09000000000000002,0.4298302233219147
0.29500000000000004,0.2810949981212616,0.065,0.37174925208091736
0.28500000000000003,0.1877995878458023,0.06,0.3947373330593109
0.265,0.1641523540019989,0.06,0.27729928493499756
0.26,0.31182944774627686,0.08500000000000002,0.36780819296836853
File: male2_sad_14a_1
0.3,0.1639600545167923,0.08000000000000002,0.2532532811164856
0.305,0.46827811002731323,0.08500000000000002,0.4076908528804779
nan,0.322984516620636,0.08500000000000002,0.3128295838832855
0.32,0.39154502749443054,0.10499999999999998,0.45393869280815125
0.32,0.23149801790714264,0.09999999999999998,0.35445547103881836
0.31,0.31066590547561646,0.09499999999999997,0.46322834491729736
0.315,0.36104875802993774,0.09499999999999997,0.41251298785209656
0.315,0.27685022354125977,0.09499999999999997,0.3541510999202728
0.315,0.46619293093681335,0.08500000000000002,0.44418659806251526
File: male2_sad_15a_1
0.3,0.35292065143585205,0.08000000000000002,0.40855175256729126
0.29500000000000004,0.42471563816070557,0.09999999999999998,0.563969612121582
0.29500000000000004,0.30128222703933716,0.09499999999999997,0.46922147274017334
0.315,0.4433298110961914,0.10499999999999998,0.48217839002609253
0.315,0.37660759687423706,0.10499999999999998,0.5243465900421143
0.31,0.16286346316337585,0.09999999999999998,0.319298654794693
0.305,0.38074052333831787,0.09499999999999997,0.3820401430130005
0.315,0.2964961528778076,0.10999999999999999,0.38454005122184753
0.315,0.3783811330795288,0.10999999999999999,0.4016720652580261
0.305,0.37472763657569885,0.10499999999999998,0.3852604031562805
0.3,0.25371524691581726,0.09999999999999998,0.4400826692581177
0.3,0.3450428247451782,0.08000000000000002,0.32235071063041687
File: male2_sad_1a_1
0.29000000000000004,0.38206177949905396,0.08500000000000002,0.2908172309398651
0.28500000000000003,0.45035725831985474,0.08500000000000002,0.5080779790878296
0.31,0.4630126655101776,0.09000000000000002,0.6352609395980835
0.31,0.5122460722923279,0.09999999999999998,0.464473158121109
0.28500000000000003,0.3230547308921814,0.09499999999999997,0.4535827934741974
0.28,0.2523225247859955,0.08500000000000002,0.38221874833106995
0.29000000000000004,0.45121681690216064,0.08500000000000002,0.6075707077980042
0.29000000000000004,0.41451770067214966,0.09000000000000002,0.42767369747161865
File: male2_sad_2a_1
0.29000000000000004,0.4763753116130829,0.08500000000000002,0.6980944871902466
0.29000000000000004,0.45263081789016724,0.09999999999999998,0.4506095051765442
0.3,0.3252187967300415,0.09499999999999997,0.4778628647327423
0.3,0.580919623374939,0.08500000000000002,0.5030945539474487
0.29500000000000004,0.4336782693862915,0.08000000000000002,0.46696174144744873
0.29000000000000004,0.31014883518218994,0.09999999999999998,0.444844514131546
0.3,0.36053526401519775,0.09499999999999997,0.4758581519126892
0.29000000000000004,0.4164526164531708,0.09499999999999997,0.4683378338813782
0.28,0.3108271360397339,0.10499999999999998,0.4472523331642151
File: male2_sad_3a_1
0.3,0.3181320130825043,0.12,0.41332024335861206
0.315,0.21311531960964203,0.11499999999999999,0.35513338446617126
0.315,0.34212058782577515,0.09999999999999998,0.43834176659584045
0.29500000000000004,0.33761394023895264,0.10999999999999999,0.3529963195323944
0.3,0.3469882011413574,0.10499999999999998,0.5577757954597473
0.3,0.40232008695602417,0.09999999999999998,0.4208023250102997
0.29000000000000004,0.18792560696601868,0.10999999999999999,0.44055554270744324
0.28500000000000003,0.10924166440963745,0.11499999999999999,0.2417324185371399
0.29500000000000004,0.44499528408050537,0.11499999999999999,0.5560011267662048
0.29000000000000004,0.30356091260910034,0.10999999999999999,0.35190871357917786
File: male2_sad_4a_1
0.3,0.42420047521591187,0.09999999999999998,0.4655953347682953
0.29000000000000004,0.4263591468334198,0.09499999999999997,0.5516326427459717
0.28500000000000003,0.3813689053058624,0.09499999999999997,0.563387930393219
0.28,0.3806491494178772,0.09999999999999998,0.3747721016407013
0.3,0.4585876166820526,0.10499999999999998,0.33618566393852234
0.3,0.2722088694572449,0.09999999999999998,0.4269203841686249
0.28500000000000003,0.5766863226890564,0.09000000000000002,0.42251697182655334
0.28,0.42044204473495483,0.09000000000000002,0.37189731001853943
0.28,0.23995010554790497,0.08000000000000002,0.3893038332462311
0.27,0.22373244166374207,0.08000000000000002,0.3686509430408478
0.27,0.2571033835411072,0.10499999999999998,0.3859315812587738
File: male2_sad_5a_1
0.28500000000000003,0.21146859228610992,0.09000000000000002,0.2922944128513336
0.3,0.3215363621711731,0.08500000000000002,0.5031569600105286
0.3,0.22602114081382751,0.09999999999999998,0.34141913056373596
0.31,0.34865468740463257,0.08500000000000002,0.4843665659427643
0.3,0.321475625038147,0.09999999999999998,0.35973599553108215
0.28500000000000003,0.16451293230056763,0.09499999999999997,0.38777485489845276
0.29000000000000004,0.32147935032844543,0.08000000000000002,0.35952258110046387
0.29000000000000004,0.3779681622982025,0.08000000000000002,0.4096122682094574
0.28500000000000003,0.22503355145454407,0.09999999999999998,0.38963207602500916
File: male2_sad_6a_1
0.3,0.544367790222168,0.10499999999999998,0.4510602056980133
0.29500000000000004,0.39084577560424805,0.09499999999999997,0.39501163363456726
0.28500000000000003,0.19600242376327515,0.09999999999999998,0.25333237648010254
0.28,0.2626882493495941,0.10499999999999998,0.3218865692615509
0.28,0.3538212180137634,0.09999999999999998,0.4433259069919586
0.3,0.30903902649879456,0.09000000000000002,0.4527261555194855
0.29500000000000004,0.32952797412872314,0.09000000000000002,0.6434650421142578
0.29500000000000004,0.2500874400138855,0.09000000000000002,0.41506513953208923
0.29500000000000004,0.47643861174583435,0.07,0.36708810925483704
File: male2_sad_7a_1
0.28,0.48463940620422363,0.065,0.58771812915802
0.28500000000000003,0.35394287109375,0.065,0.41938695311546326
0.275,0.14741000533103943,0.08500000000000002,0.3863094747066498
0.3,0.3224271237850189,0.09000000000000002,0.44524773955345154
0.29500000000000004,0.18661895394325256,0.08000000000000002,0.37715816497802734
0.28,0.30437225103378296,0.07500000000000001,0.4307878613471985
0.29000000000000004,0.22664983570575714,0.07500000000000001,0.4550569951534271
0.29000000000000004,0.23029746115207672,0.08000000000000002,0.37912890315055847
File: male2_sad_8a_1
0.305,0.3202270269393921,0.08500000000000002,0.400808721780777
0.29000000000000004,0.3127812445163727,0.09999999999999998,0.4415295422077179
0.29000000000000004,0.3426605463027954,0.08000000000000002,0.4948248565196991
0.28,0.4146229028701782,0.08000000000000002,0.6012386679649353
0.28,0.5123738050460815,0.09000000000000002,0.4315795600414276
0.275,0.3957090377807617,0.08500000000000002,0.4500623047351837
0.29500000000000004,0.4947323501110077,0.08500000000000002,0.4358760416507721
0.3,0.21960687637329102,0.07,0.3140196204185486
0.28500000000000003,0.4681117832660675,0.065,0.5649552345275879
0.28,0.2719612717628479,0.07,0.48410922288894653
0.28,0.4262094497680664,0.07500000000000001,0.3372097313404083
0.28,0.5008324980735779,0.09999999999999998,0.39225929975509644
File: male2_sad_9a_1
0.31,0.41474801301956177,0.09999999999999998,0.6939452886581421
0.305,0.49366486072540283,0.07500000000000001,0.6557403802871704
0.29500000000000004,0.3044869303703308,0.07,0.4311862885951996
0.29500000000000004,0.11876796931028366,0.07,0.3376961648464203
0.29000000000000004,0.5391372442245483,0.915,0.4013906419277191
0.28,0.04213869571685791,0.08500000000000002,0.22467252612113953
0.28,0.14114099740982056,0.08000000000000002,0.32924094796180725
0.29000000000000004,0.4740295112133026,0.07500000000000001,0.37628045678138733
0.28500000000000003,0.19911445677280426,0.07500000000000001,0.43743079900741577
0.28,0.38300803303718567,0.45,0.4292036294937134
